Attempting to find a Myo...
Connected to a Myo armband! Logging to the file system. Check your home folder or the folder this application lives in.

ORT,0.126221,-0.000244141,-0.86554,0.48468
EUL,0.126143,0.220033,-2.10671
ACC,-0.213379,0.126953,0.968262
GYR,-1.6875,-0.5625,-2.5625
ORT,0.125793,0.00012207,-0.865784,0.484314
EUL,0.124957,0.219701,-2.10771
ACC,-0.218262,0.128418,0.964355
GYR,-3.125,-1.5,-2.8125
ORT,0.125244,0.000488281,-0.866089,0.483948
EUL,0.123642,0.219168,-2.10886
ACC,-0.208984,0.125,0.946777
GYR,-3.6875,-1.625,-3.1875
ORT,0.124756,0.000732422,-0.866394,0.483582
EUL,0.122608,0.218621,-2.11
ACC,-0.218262,0.127441,0.938965
GYR,-3.1875,-2.3125,-2.8125
ORT,0.124207,0.0012207,-0.866638,0.483215
EUL,0.121081,0.218191,-2.11102
ACC,-0.235352,0.126953,0.936035
GYR,-4.3125,-3.625,-3.125
ORT,0.123596,0.00183105,-0.866943,0.482849
EUL,0.119275,0.217788,-2.11221
ACC,-0.246582,0.118164,0.949707
GYR,-4.9375,-4,-2.75
ORT,0.122803,0.00256348,-0.867065,0.482788
EUL,0.117142,0.217133,-2.11268
ACC,-0.251953,0.118652,0.956055
GYR,-6.25,-4.875,-1.0625
ORT,0.121826,0.00292969,-0.867126,0.48291
EUL,0.115511,0.215777,-2.11277
ACC,-0.242676,0.114746,0.968262
GYR,-5,-5.625,0.4375
EMG,2,-2,0,-4,-3,-4,0,3
EMG,-4,-3,-2,-2,-3,0,0,7
ORT,0.120544,0.00311279,-0.867126,0.483276
EUL,0.113947,0.213686,-2.11245
ACC,-0.210449,0.10498,0.967285
GYR,-4.3125,-5.8125,1.5625
EMG,2,-2,1,2,2,0,-2,-5
EMG,0,-3,0,-2,0,-1,0,-5
EMG,-2,-4,1,-2,-4,1,0,6
EMG,4,0,-3,-1,3,-2,2,-7
EMG,3,1,-4,2,1,0,-1,-2
EMG,-6,-2,-1,1,-2,-2,-1,2
EMG,1,-1,-4,2,-1,2,-3,-1
EMG,6,2,-5,0,2,2,-2,-6
ORT,0.119446,0.00317383,-0.867065,0.483643
EUL,0.112788,0.211784,-2.11197
ACC,-0.190918,0.105957,0.959473
GYR,-3.4375,-4.25,2
EMG,-6,0,0,-1,-1,-3,-2,1
EMG,1,1,-5,-1,-1,-1,0,4
EMG,-3,-1,-3,-3,2,3,1,-7
EMG,0,-2,-1,4,-2,-3,-1,-4
ORT,0.118652,0.00341797,-0.866821,0.484253
EUL,0.111684,0.210564,-2.11083
ACC,-0.197266,0.118164,0.94043
GYR,-4.5,-2.6875,3.0625
EMG,-2,-1,0,-1,-1,3,0,4
EMG,0,0,-2,-1,1,1,1,-5
EMG,1,4,-1,-1,-1,-2,1,-5
EMG,-1,-1,-1,-1,-2,-1,2,4
ORT,0.118103,0.00408936,-0.866516,0.484985
EUL,0.11011,0.210187,-2.10948
ACC,-0.229004,0.117676,0.956055
GYR,-6.3125,-2.5,4.25
EMG,4,0,0,3,2,-1,0,-3
EMG,3,0,-2,-1,0,-2,1,-5
EMG,2,-1,0,3,-1,1,1,0
EMG,-1,-1,-1,1,3,1,-2,2
ORT,0.117432,0.00500488,-0.86615,0.485718
EUL,0.107981,0.209825,-2.10801
ACC,-0.241211,0.101074,0.972168
GYR,-6.75,-2.6875,4.1875
EMG,3,-3,-2,-1,-2,-3,3,-4
EMG,-2,-2,2,-2,2,-2,-4,0
ORT,0.11676,0.00567627,-0.865845,0.486511
EUL,0.106295,0.209239,-2.10661
ACC,-0.233398,0.0922852,0.984863
GYR,-4.875,-2.9375,4.625
ORT,0.115906,0.00610352,-0.865356,0.487549
EUL,0.104906,0.208049,-2.10449
ACC,-0.21582,0.100098,0.987305
GYR,-5.0625,-3.3125,6.125
EMG,9,4,-5,-2,2,3,2,-11
EMG,-4,-2,3,-1,-2,-2,0,3
EMG,0,-3,-2,-2,1,-1,-3,6
EMG,1,2,-2,-1,1,0,1,-6
EMG,-6,0,3,-4,-2,-5,-5,1
EMG,-3,-1,-1,-3,-1,0,0,3
EMG,3,5,0,0,1,2,-3,-6
EMG,8,1,-3,1,-1,-3,2,-10
ORT,0.114685,0.00671387,-0.864868,0.488708
EUL,0.102842,0.2064,-2.10229
ACC,-0.20166,0.0976562,0.979492
GYR,-6.75,-3.75,6.75
EMG,-5,-3,-1,-6,-1,0,0,9
EMG,4,0,-6,0,-1,-1,0,-4
EMG,5,1,-3,2,2,1,0,-5
EMG,-1,-3,-1,3,-1,4,-2,5
ORT,0.113464,0.00732422,-0.864258,0.48999
EUL,0.100805,0.20473,-2.09967
ACC,-0.198242,0.0888672,0.96582
GYR,-6.9375,-3.5625,7.6875
EMG,2,-1,0,-5,-1,-1,2,-2
EMG,0,-2,0,5,0,-2,-2,-6
EMG,-1,-4,-2,-6,-4,-3,1,-1
EMG,-2,-1,0,-1,-1,0,1,3
ORT,0.112366,0.00775146,-0.863647,0.491333
EUL,0.0992279,0.203099,-2.09697
ACC,-0.192383,0.0834961,0.974121
GYR,-5.1875,-3.375,8.25
EMG,3,2,-5,-2,4,-1,-1,-1
EMG,1,-3,0,-2,-3,1,-3,-2
EMG,1,-3,-1,1,-1,-4,-1,2
EMG,-2,0,-2,3,-4,0,-1,2
ORT,0.111511,0.00769043,-0.863159,0.492432
EUL,0.0986998,0.201437,-2.09474
ACC,-0.193359,0.074707,0.975098
GYR,-1.3125,-3.6875,7.125
EMG,2,1,-1,4,-1,0,-1,-5
EMG,0,3,0,-4,1,-6,-2,2
EMG,0,5,1,2,-2,3,3,-1
EMG,4,2,1,-3,1,1,-1,-1
ORT,0.110474,0.00762939,-0.862732,0.493408
EUL,0.0979484,0.199467,-2.09278
ACC,-0.181152,0.0810547,0.974609
GYR,-2.25,-4.25,6
EMG,-4,-5,-1,4,0,-1,0,3
EMG,1,0,-1,-2,1,-1,0,1
EMG,1,2,-1,-1,3,0,2,-5
EMG,-1,-4,-4,-2,-4,-3,-5,-1
ORT,0.109253,0.00805664,-0.862427,0.494202
EUL,0.0961063,0.197694,-2.09136
ACC,-0.191895,0.097168,0.971191
GYR,-6.5,-4.3125,4.25
EMG,1,2,0,3,-2,-2,2,0
EMG,-3,2,2,-1,-1,0,-1,-4
EMG,1,-1,2,-1,-2,-6,-3,-2
EMG,0,-4,-1,-6,0,1,-1,0
ORT,0.108032,0.00878906,-0.862183,0.494873
EUL,0.0937018,0.196243,-2.09024
ACC,-0.194824,0.0864258,0.975098
GYR,-7.1875,-3.8125,3.6875
EMG,0,-3,0,1,0,2,-1,0
EMG,4,0,-5,3,-2,0,0,0
EMG,-6,-1,0,-1,-1,0,0,1
EMG,-2,-1,-2,-1,-2,-2,1,1
ORT,0.107178,0.00933838,-0.862,0.495361
EUL,0.0919587,0.195265,-2.08941
ACC,-0.199707,0.0878906,0.975098
GYR,-5.25,-3.0625,2.6875
EMG,1,-3,0,7,0,-3,-3,-1
EMG,2,-3,-3,-9,-4,-3,1,1
EMG,-3,-2,-1,3,-2,4,-1,3
EMG,-1,-1,-2,0,1,-1,-3,1
ORT,0.106506,0.00958252,-0.861877,0.495728
EUL,0.090912,0.194312,-2.08881
ACC,-0.207031,0.0839844,0.979492
GYR,-3.125,-3.5,2.0625
EMG,2,1,0,-2,-2,-2,-1,-3
EMG,-2,0,2,0,0,0,1,2
EMG,-2,2,-1,3,1,0,-3,-2
EMG,-2,-1,1,-2,-4,-2,-2,0
ORT,0.105835,0.00976562,-0.861816,0.496033
EUL,0.0899573,0.19331,-2.08841
ACC,-0.206055,0.0795898,0.976074
GYR,-2.375,-3.75,1.5
EMG,-1,-1,0,-1,1,1,0,1
EMG,-1,2,-2,1,1,-1,0,-2
EMG,2,1,-2,-7,-3,-2,1,1
EMG,1,0,4,2,-1,0,-1,0
ORT,0.10498,0.0100708,-0.861816,0.496155
EUL,0.0885576,0.192121,-2.08834
ACC,-0.193359,0.0732422,0.983398
GYR,-3.125,-3.4375,0.5
EMG,3,4,-1,-6,-1,1,-2,1
EMG,-1,-2,0,1,1,3,0,-2
EMG,-1,-1,-2,-1,1,2,0,-3
EMG,-2,5,0,3,2,-4,-2,-1
ORT,0.104126,0.010498,-0.861938,0.496155
EUL,0.086917,0.191078,-2.0887
ACC,-0.186035,0.0712891,0.976562
GYR,-3.5,-2.9375,-0.4375
EMG,-4,-2,2,0,-4,-1,1,1
EMG,2,0,-3,3,2,2,1,0
EMG,-3,-3,1,-3,-1,-2,0,0
EMG,-1,-1,3,0,-2,-3,4,0
ORT,0.103394,0.0109863,-0.862,0.496094
EUL,0.0852865,0.190297,-2.08897
ACC,-0.188477,0.0693359,0.977539
GYR,-3.625,-2.1875,-0.6875
EMG,-1,-2,-4,-3,1,2,-3,-2
EMG,-4,-2,3,1,-5,2,-1,1
EMG,2,-2,-4,0,0,-2,-1,-3
EMG,-2,2,1,-1,0,-2,-1,0
ORT,0.102783,0.0115356,-0.862183,0.495972
EUL,0.0836618,0.189816,-2.08962
ACC,-0.195312,0.0634766,0.980957
GYR,-2.9375,-2,-1.0625
EMG,1,-1,-2,3,-1,-3,-2,-3
EMG,1,-4,1,3,0,1,-2,-2
EMG,1,1,-1,-4,-2,0,-1,0
EMG,0,-4,-2,-4,-1,0,-1,-2
ORT,0.102234,0.0117798,-0.862305,0.49585
EUL,0.0826354,0.189121,-2.09006
ACC,-0.1875,0.0742188,0.983887
GYR,-2.0625,-2.0625,-1.25
EMG,-4,-1,-1,-1,1,-3,1,0
EMG,-5,3,4,0,1,0,-5,2
EMG,1,0,-2,-2,-3,2,-1,1
EMG,2,-1,-3,1,2,-1,-2,0
ORT,0.101685,0.0119019,-0.862366,0.49585
EUL,0.0818494,0.188292,-2.09023
ACC,-0.176758,0.0874023,0.98584
GYR,-2.6875,-1.6875,-0.25
EMG,1,0,0,-1,1,-1,2,0
EMG,1,-1,-2,2,0,-2,-1,0
EMG,2,-1,-2,-6,-1,0,0,0
EMG,2,0,-1,0,0,2,-1,0
ORT,0.100952,0.0122681,-0.862244,0.496155
EUL,0.0805142,0.187359,-2.0897
ACC,-0.167969,0.0839844,0.984863
GYR,-4.375,-1.125,1.0625
EMG,-2,-1,0,-4,-1,-1,-3,-1
EMG,1,2,-2,3,-2,-2,-1,0
EMG,-4,-2,0,1,2,-3,-1,4
EMG,3,-6,-1,1,0,-2,0,-3
ORT,0.100403,0.0125122,-0.862183,0.49646
EUL,0.0795808,0.186636,-2.08931
ACC,-0.174805,0.0805664,0.987305
GYR,-3.0625,-1.1875,1.625
EMG,5,-2,-1,2,-1,3,0,1
EMG,-6,-2,-3,-3,-2,-3,3,-3
EMG,3,0,-1,2,-2,-1,-1,2
EMG,-1,3,-3,1,-1,-2,-3,-3
ORT,0.0999146,0.012146,-0.861938,0.496887
EUL,0.0798048,0.185371,-2.08825
ACC,-0.164062,0.0883789,0.991699
GYR,-0.6875,-1.75,2.5625
EMG,-1,-1,2,-4,-1,-3,-2,-1
EMG,0,-1,-3,0,2,1,3,2
EMG,0,1,3,-2,0,-1,0,-3
EMG,-3,-3,1,-3,-1,1,0,0
ORT,0.0997314,0.0115356,-0.861694,0.497375
EUL,0.0807834,0.184394,-2.08712
ACC,-0.181641,0.097168,0.990723
GYR,1.125,-2.4375,3.375
EMG,-2,-2,-2,0,-3,-1,-1,1
EMG,1,2,-5,-5,0,3,-1,-1
EMG,-3,0,-2,0,-5,-3,2,-1
EMG,-2,-3,1,-1,1,-2,0,3
ORT,0.0995483,0.0112305,-0.861328,0.498108
EUL,0.081281,0.183707,-2.08551
ACC,-0.200195,0.0874023,0.994141
GYR,0.0625,-2.75,4.5625
EMG,-1,-1,1,3,1,-1,-3,0
EMG,4,1,-2,-1,2,1,-1,-2
EMG,3,-4,1,0,2,-1,-1,-2
EMG,1,2,-1,0,0,2,1,-1
ORT,0.098999,0.0110474,-0.861023,0.498657
EUL,0.0811444,0.18251,-2.08422
ACC,-0.197754,0.0483398,0.988281
GYR,1.0625,-3.875,4.25
EMG,0,0,2,3,-3,1,1,-2
EMG,1,-2,2,0,-2,-3,-1,-4
EMG,-3,5,0,0,-1,-1,-3,-1
EMG,1,1,-5,2,1,-1,0,0
ORT,0.0983887,0.010376,-0.860962,0.499023
EUL,0.0817512,0.180756,-2.08365
ACC,-0.176758,0.0595703,0.980957
GYR,2.625,-4.875,2.375
EMG,4,-1,-4,2,-4,1,-1,-3
EMG,-1,0,-4,-2,-1,-2,1,1
EMG,3,-3,-2,0,0,-1,-4,-3
EMG,-1,1,-3,-3,0,0,-1,-1
ORT,0.0974731,0.0100708,-0.860901,0.499268
EUL,0.0813766,0.178837,-2.08324
ACC,-0.172852,0.0581055,0.975098
GYR,0.375,-5.1875,1.875
EMG,-1,3,1,-1,-1,1,2,0
EMG,0,-5,2,0,-5,1,-1,1
EMG,-1,2,0,1,1,3,1,-2
EMG,-1,-4,-2,-2,-1,1,-1,-1
ORT,0.0964966,0.0100098,-0.860901,0.499451
EUL,0.0805,0.177071,-2.08306
ACC,-0.175293,0.0522461,0.983887
GYR,-0.9375,-4.875,1.1875
EMG,1,2,-1,3,0,-1,2,0
EMG,3,1,-1,3,1,-1,-3,1
EMG,-1,1,2,1,-2,-3,-1,0
EMG,0,0,0,-1,0,-3,2,-1
ORT,0.0956421,0.00952148,-0.860962,0.499512
EUL,0.0804693,0.175094,-2.0831
ACC,-0.158691,0.0605469,0.974121
GYR,1.25,-4.5625,0.5
EMG,-4,-1,-2,-5,3,-1,0,-2
EMG,-3,1,0,-2,1,-2,-3,0
EMG,-2,-1,1,2,0,0,-2,-2
EMG,3,4,-3,1,-1,1,0,-3
ORT,0.0949707,0.00872803,-0.861084,0.499512
EUL,0.0811477,0.173139,-2.0833
ACC,-0.140625,0.0717773,0.974609
GYR,2.375,-3.5,-0.1875
EMG,2,-1,-2,-6,-2,-1,0,0
EMG,-2,1,-2,4,2,0,-1,-1
EMG,1,-2,-3,1,1,2,1,3
EMG,0,-5,0,-4,-4,2,-4,-2
ORT,0.0946655,0.00805664,-0.861206,0.499329
EUL,0.0819605,0.171945,-2.08368
ACC,-0.140137,0.081543,0.955566
GYR,2.5,-1.6875,-0.875
EMG,0,0,-1,1,-1,-2,2,-1
EMG,1,-1,0,0,-4,-1,-3,1
EMG,-7,-3,-1,-2,-5,-3,-2,-2
EMG,0,-1,2,3,2,-1,-2,-3
ORT,0.0944214,0.00775146,-0.861328,0.499084
EUL,0.0821885,0.171228,-2.08416
ACC,-0.144531,0.0883789,0.959473
GYR,-0.0625,-0.8125,-1.8125
EMG,-2,-4,-1,-1,-1,-1,-4,2
EMG,1,0,-3,-3,0,-1,0,0
EMG,0,-2,-1,5,2,1,1,-1
EMG,3,-1,-1,-4,-1,1,-2,0
ORT,0.0941772,0.00793457,-0.861633,0.498718
EUL,0.0815412,0.171039,-2.08528
ACC,-0.155273,0.0834961,0.966797
GYR,-1.5,-0.0625,-2.9375
EMG,-2,-1,-1,-1,1,-1,-1,-3
EMG,7,-2,0,-3,-5,-4,0,-1
EMG,-2,-5,-2,-7,1,-1,-1,-1
EMG,-6,0,2,2,2,-1,2,-1
ORT,0.0941772,0.00805664,-0.862,0.498047
EUL,0.0811949,0.171222,-2.0868
ACC,-0.163086,0.0830078,0.973633
GYR,-0.5,0.5625,-4.75
EMG,-2,-3,-3,-2,-5,-1,0,-2
EMG,2,-4,1,0,2,3,-2,-1
EMG,-2,1,-2,-4,-5,-4,-2,-1
EMG,1,7,3,-1,2,1,-1,0
ORT,0.0944214,0.00811768,-0.862427,0.497253
EUL,0.0811836,0.17178,-2.08858
ACC,-0.178711,0.0942383,0.979492
GYR,-0.125,0.625,-5.375
EMG,-5,-2,3,4,-2,2,-4,0
EMG,4,0,-2,-5,-2,0,3,-4
EMG,4,1,0,0,0,0,0,4
EMG,0,-1,-3,-3,0,-1,-4,0
ORT,0.0945435,0.00842285,-0.862854,0.49646
EUL,0.0806194,0.17237,-2.0904
ACC,-0.186523,0.0854492,0.980469
GYR,-1.3125,0.5625,-5.1875
EMG,1,-2,0,2,0,-1,-2,-2
EMG,-8,3,0,2,-5,-1,-2,0
EMG,-1,-4,2,-10,3,-1,-1,-2
EMG,0,1,-2,0,0,0,-1,-2
ORT,0.0946655,0.00897217,-0.86322,0.495789
EUL,0.0796529,0.173196,-2.09198
ACC,-0.200684,0.0805664,0.985352
GYR,-1.9375,-0.125,-4.75
EMG,0,1,0,2,0,0,-1,1
EMG,-1,-1,1,-3,1,-3,-1,1
EMG,-5,-2,0,4,-4,-3,-1,-2
EMG,-1,0,-2,-2,-2,-1,1,-2
ORT,0.0947876,0.00933838,-0.863586,0.495178
EUL,0.0790163,0.173837,-2.09349
ACC,-0.197754,0.0830078,0.984863
GYR,-1.625,-0.375,-3.875
EMG,1,0,0,-2,0,0,-2,0
EMG,2,-3,-1,0,3,1,0,-4
EMG,-3,1,0,1,-2,-1,1,3
EMG,0,0,0,-1,1,1,1,1
ORT,0.0947876,0.00958252,-0.863708,0.494873
EUL,0.0785293,0.1741,-2.0941
ACC,-0.185059,0.074707,0.980957
GYR,-1.0625,-0.0625,-1.9375
EMG,3,-1,-5,5,2,-1,0,-2
EMG,1,0,-1,-3,1,0,-2,-1
EMG,-2,-2,-3,-2,-1,1,-1,-3
EMG,3,-1,0,-2,-1,2,2,-3
ORT,0.0947876,0.00964355,-0.863708,0.494873
EUL,0.0784228,0.174162,-2.09411
ACC,-0.185059,0.0634766,0.970703
GYR,0.5,0.375,-0.75
EMG,-1,3,-2,-1,-4,-1,-1,0
EMG,-2,-2,-2,1,5,1,3,0
EMG,3,1,0,-1,-1,2,2,0
EMG,0,-1,2,2,-3,-1,0,0
ORT,0.0949707,0.00970459,-0.86377,0.494751
EUL,0.0784805,0.174553,-2.09438
ACC,-0.180664,0.0634766,0.974609
GYR,1.25,0.1875,-0.6875
EMG,-2,4,1,-2,-2,0,-1,-2
EMG,-3,0,-2,-2,-3,-1,-1,1
EMG,5,1,-1,4,2,2,1,2
EMG,0,0,-1,0,0,1,-2,-2
ORT,0.0949097,0.00970459,-0.86377,0.494751
EUL,0.0784176,0.174446,-2.09438
ACC,-0.17627,0.0634766,0.97998
GYR,0.125,0.0625,-0.5625
EMG,-2,-3,-3,-2,1,-2,0,-1
EMG,1,0,0,0,1,-1,-3,0
EMG,0,1,0,-3,-2,2,-2,-3
EMG,1,-1,-4,1,-2,0,1,-1
ORT,0.0947266,0.0101318,-0.863831,0.49469
EUL,0.0774698,0.174565,-2.09464
ACC,-0.168457,0.0664062,0.98584
GYR,-1.75,0.5,-0.5625
EMG,-1,-1,2,-1,0,-4,-2,3
EMG,0,0,-2,-4,0,1,-4,-2
EMG,2,0,1,-1,3,-4,0,-3
EMG,-4,2,0,6,0,-2,0,5
ORT,0.0946655,0.010498,-0.863892,0.494629
EUL,0.0767545,0.174836,-2.0949
ACC,-0.167969,0.0649414,0.983887
GYR,-1.3125,1.1875,-0.5
EMG,3,3,-2,-1,0,-1,0,0
EMG,1,0,2,-2,-7,-2,1,-2
EMG,-4,-2,-1,3,-1,3,-1,0
EMG,2,-1,-1,-1,0,1,-4,-3
ORT,0.0948486,0.0106201,-0.863892,0.494568
EUL,0.0767185,0.175279,-2.09497
ACC,-0.164551,0.065918,0.986816
GYR,0.375,1.875,-0.625
EMG,-1,0,-3,-3,4,0,-1,-2
EMG,0,5,-2,1,-1,0,3,-1
EMG,-1,-4,-3,-1,3,0,1,-1
EMG,0,-3,-1,-6,-2,-1,0,-1
ORT,0.0950928,0.0107422,-0.863892,0.494568
EUL,0.076757,0.17583,-2.09499
ACC,-0.16748,0.0722656,0.991699
GYR,0.5,2.125,0
EMG,1,-6,0,4,-2,2,-1,2
EMG,-2,0,3,-1,-1,-2,0,-1
EMG,-1,-1,-1,-1,-3,0,-1,-2
EMG,1,1,-2,-1,-3,-2,2,-2
ORT,0.0952759,0.0109253,-0.86377,0.49469
EUL,0.0766524,0.176314,-2.0946
ACC,-0.171875,0.0727539,0.986816
GYR,-0.375,2,0.6875
EMG,2,2,-2,6,0,2,-3,2
EMG,-3,-1,-6,0,-1,0,0,-2
EMG,0,0,2,5,2,-3,-1,1
EMG,-2,3,2,-3,-2,-3,-2,0
ORT,0.0953369,0.0112305,-0.863647,0.494812
EUL,0.0762088,0.176707,-2.09423
ACC,-0.166992,0.0712891,0.983887
GYR,-1.25,1.75,0.9375
EMG,1,-3,-1,-3,-3,0,1,1
EMG,2,-1,1,4,4,-2,2,0
EMG,2,-1,-4,2,-3,0,-1,0
EMG,-2,-2,-5,2,-2,0,-1,1
ORT,0.09552,0.0114136,-0.863586,0.494995
EUL,0.0761149,0.177205,-2.09394
ACC,-0.169922,0.0703125,0.976562
GYR,-0.0625,1.875,0.9375
EMG,-1,-4,3,-6,0,-1,0,-1
EMG,3,-1,1,3,-1,-1,-1,-1
EMG,-2,-2,-1,-1,-2,0,-3,-1
EMG,4,-3,0,-3,1,-1,0,-3
ORT,0.09552,0.0114136,-0.863586,0.494995
EUL,0.0761149,0.177205,-2.09394
ACC,-0.169922,0.0751953,0.976074
GYR,0.875,0.9375,0.4375
EMG,1,0,-2,-2,0,-2,-2,-5
EMG,0,2,-2,-3,-4,1,2,0
EMG,0,-3,-2,0,2,-4,-3,2
EMG,-2,0,-2,-4,4,-1,-2,-1
ORT,0.09552,0.0113525,-0.863586,0.494995
EUL,0.0762214,0.177143,-2.09393
ACC,-0.169434,0.0849609,0.972656
GYR,0.25,0.625,-0.625
EMG,0,2,0,2,-2,-3,0,0
EMG,-5,-3,0,-1,-7,-2,-4,3
EMG,0,3,1,-1,1,-2,-1,-3
EMG,-1,1,-3,-2,0,1,0,2
ORT,0.09552,0.0113525,-0.863586,0.494995
EUL,0.0762214,0.177143,-2.09393
ACC,-0.172363,0.0737305,0.975586
GYR,-0.875,-0.0625,-0.625
EMG,-3,-3,-3,-4,-4,-1,0,-2
EMG,0,-3,-4,3,1,-3,-2,-1
EMG,0,-3,-2,2,0,0,2,0
EMG,-4,-1,-1,-3,-4,0,-4,-2
ORT,0.0953979,0.0115967,-0.863647,0.494873
EUL,0.0756441,0.177184,-2.09422
ACC,-0.181641,0.0664062,0.97168
GYR,-1.0625,-0.6875,-1
EMG,-1,0,0,2,-3,0,0,2
EMG,3,2,4,-1,1,-1,0,-3
EMG,0,1,-3,-1,-3,-2,-1,-2
EMG,2,3,1,3,0,0,1,2
ORT,0.0952148,0.0115967,-0.86377,0.49469
EUL,0.075417,0.176882,-2.09469
ACC,-0.185059,0.0683594,0.974609
GYR,-0.1875,-1.625,-1.0625
EMG,-2,-5,-3,-2,2,-1,-1,-2
EMG,0,-4,-3,0,-1,2,-1,-1
EMG,-5,2,-2,-1,-4,-2,-2,0
EMG,-3,-4,-3,6,1,3,-4,-2
ORT,0.0949097,0.0117188,-0.863892,0.494568
EUL,0.0748627,0.17649,-2.09512
ACC,-0.186035,0.0664062,0.974121
GYR,-0.6875,-2.1875,-0.6875
EMG,0,0,-1,-5,0,1,0,-2
EMG,2,0,-2,-1,4,-4,3,1
EMG,1,-3,0,-5,0,-1,0,3
EMG,0,-1,0,6,-2,-5,0,-3
ORT,0.0944214,0.0117188,-0.863953,0.494568
EUL,0.0743581,0.175644,-2.09527
ACC,-0.177734,0.0634766,0.966797
GYR,-1.0625,-2.75,-0.3125
EMG,1,2,0,-1,-5,2,-3,-3
EMG,-5,-1,2,-4,0,-4,-3,2
EMG,2,1,-4,2,-2,-1,-1,-3
EMG,-3,-3,-3,0,-1,-2,1,1
ORT,0.0938721,0.0117798,-0.863953,0.49469
EUL,0.0737089,0.174745,-2.09517
ACC,-0.178711,0.0620117,0.970215
GYR,-1,-3.125,0.6875
EMG,-2,-3,1,0,5,0,3,4
EMG,1,-1,0,1,-3,-2,1,-4
EMG,-1,1,-1,1,0,1,0,-2
EMG,1,1,2,-2,0,-4,-2,1
ORT,0.0933838,0.0115967,-0.863831,0.494934
EUL,0.0735748,0.173687,-2.09461
ACC,-0.174316,0.0629883,0.975098
GYR,-0.0625,-2.9375,1.6875
EMG,-3,3,-3,-1,0,3,3,-1
EMG,-1,0,-3,1,0,3,0,1
EMG,4,-1,-3,-6,0,1,0,-3
EMG,-2,-1,1,1,-2,-1,0,1
ORT,0.0932007,0.0112915,-0.863708,0.495178
EUL,0.0739678,0.173041,-2.09404
ACC,-0.175781,0.0654297,0.969238
GYR,1.25,-2.375,2
EMG,2,4,-1,0,-2,1,-5,-2
EMG,-2,3,2,1,-1,-4,2,1
EMG,-1,-3,-2,-7,-3,2,-5,1
EMG,1,-2,2,-3,-3,-4,0,-4
ORT,0.0930176,0.0109253,-0.863586,0.495483
EUL,0.0744785,0.172336,-2.09342
ACC,-0.17334,0.0732422,0.972656
GYR,0.9375,-2.125,2
EMG,0,-4,2,-7,-2,-2,-1,1
EMG,-3,-3,-2,2,-1,0,-1,-1
EMG,3,0,-2,5,0,-3,-1,-1
EMG,-2,-2,-3,-6,0,-1,1,-2
ORT,0.0927734,0.0108643,-0.863403,0.495789
EUL,0.0743946,0.171819,-2.09267
ACC,-0.179688,0.0751953,0.976562
GYR,-0.625,-2,1.9375
EMG,0,0,0,3,0,-2,-3,0
EMG,-3,-3,-5,-2,-2,3,-1,-2
EMG,0,2,4,1,2,1,2,0
EMG,0,0,1,-3,1,-1,1,0
ORT,0.0924072,0.0109253,-0.863342,0.495972
EUL,0.073946,0.171231,-2.09236
ACC,-0.174805,0.0717773,0.979004
GYR,-1.6875,-1.8125,1
EMG,-1,0,-2,4,-1,-3,-3,0
EMG,-6,-2,4,-1,-1,-1,-3,2
EMG,2,1,-2,-4,-1,2,-3,-1
EMG,0,-4,-1,2,2,1,-1,0
ORT,0.0924072,0.0109863,-0.863342,0.495972
EUL,0.0738395,0.171292,-2.09237
ACC,-0.179199,0.0673828,0.98291
GYR,-0.5625,-1,0.25
EMG,1,-1,-3,1,-1,-1,0,0
EMG,2,0,-5,-4,2,1,-1,-5
EMG,-4,-1,-1,-1,-1,-2,-4,0
EMG,-2,0,1,-2,0,-1,1,0
ORT,0.0924683,0.0109863,-0.863342,0.495972
EUL,0.0739025,0.171399,-2.09237
ACC,-0.179199,0.0820312,0.980469
GYR,-0.625,-0.625,-0.5
EMG,4,-2,-3,3,-1,0,1,-2
EMG,4,-2,-3,1,0,1,-2,-2
EMG,-1,0,1,-2,1,-1,0,3
EMG,3,0,-3,-1,-5,1,-1,1
ORT,0.0922852,0.0112305,-0.863403,0.49585
EUL,0.0732636,0.171333,-2.09266
ACC,-0.17041,0.0776367,0.977539
GYR,-2.125,-0.0625,-1.125
EMG,0,0,1,2,-1,-3,1,-2
EMG,-4,-1,0,-4,-2,-1,-1,1
EMG,-1,-1,-1,-3,-3,-1,-3,-3
EMG,1,-1,-2,2,-3,2,0,0
ORT,0.0921631,0.0116577,-0.863525,0.495667
EUL,0.0723553,0.171567,-2.09319
ACC,-0.171387,0.0756836,0.978027
GYR,-2.75,0.5,-1.5
EMG,1,1,1,-3,5,2,1,-3
EMG,-1,0,-2,0,-1,-2,2,1
EMG,-1,-1,-1,1,-2,-1,1,-3
EMG,0,3,-2,-4,2,1,0,-2
ORT,0.0921021,0.0119019,-0.863647,0.495483
EUL,0.0718294,0.171725,-2.09369
ACC,-0.166992,0.0732422,0.983398
GYR,-1.5,0.5,-1.625
EMG,-1,4,1,-2,0,-1,0,1
EMG,4,-2,-3,1,0,-1,-1,-3
EMG,-3,-1,1,2,-1,-3,0,0
EMG,-1,-5,-1,0,0,0,1,0
ORT,0.092041,0.012146,-0.86377,0.4953
EUL,0.0713033,0.171881,-2.09419
ACC,-0.165527,0.0664062,0.978027
GYR,-1,0.5,-1.25
EMG,1,-4,-2,-2,-4,-1,1,-1
EMG,1,4,0,0,-3,0,2,-5
EMG,0,-3,-2,6,3,1,2,-3
EMG,3,-1,-2,-4,-1,-5,-3,1
ORT,0.092041,0.0123901,-0.863831,0.495117
EUL,0.0708416,0.172134,-2.09454
ACC,-0.174805,0.065918,0.974609
GYR,-0.875,0.5,-1.1875
EMG,-3,2,-2,-1,-2,-2,-2,-5
EMG,3,1,0,4,0,-1,-3,1
EMG,-1,-3,-6,-8,1,-3,-1,1
EMG,-1,1,0,0,-2,0,1,0
ORT,0.092041,0.0125732,-0.863953,0.494934
EUL,0.0704847,0.172336,-2.09504
ACC,-0.175781,0.0751953,0.975586
GYR,-1.25,0.0625,-1.1875
EMG,-2,2,-3,-1,-2,0,0,-4
EMG,-4,-1,1,1,-2,-1,-2,1
EMG,0,1,0,0,-3,-1,0,-3
EMG,-3,3,0,-1,0,-1,-3,-2
ORT,0.0919189,0.0127563,-0.864075,0.494751
EUL,0.0700022,0.172324,-2.09553
ACC,-0.174805,0.0737305,0.978027
GYR,-1.5625,-0.25,-1.5
EMG,0,-1,-2,-7,-3,-4,-3,2
EMG,-3,-4,0,-5,0,1,-2,2
EMG,3,-2,-2,-1,5,-1,2,-1
EMG,-1,-3,0,0,-3,0,2,-1
ORT,0.0917969,0.0130005,-0.864197,0.494507
EUL,0.0694018,0.172371,-2.09609
ACC,-0.178223,0.0693359,0.983398
GYR,-1.4375,-0.8125,-1.75
EMG,1,-3,1,3,0,-1,0,1
EMG,0,1,-2,0,-3,-1,-3,0
EMG,-1,0,-1,-1,-1,3,0,0
EMG,-6,-1,0,1,0,0,-2,0
ORT,0.0916138,0.0131226,-0.86438,0.494263
EUL,0.0689503,0.1722,-2.09678
ACC,-0.177246,0.0732422,0.980957
GYR,-1.25,-0.875,-1.75
EMG,1,-1,-3,-3,-2,-1,1,-2
EMG,-5,-4,5,-2,3,-1,-3,-3
EMG,0,2,-2,0,-1,-3,1,0
EMG,2,-2,-1,-4,-4,-1,0,-2
ORT,0.0914917,0.0132446,-0.864502,0.49408
EUL,0.0685746,0.172126,-2.09727
ACC,-0.179688,0.0673828,0.985352
GYR,-1,-1.125,-1.5625
EMG,-4,2,-1,3,2,-2,0,0
EMG,-1,3,-3,-5,-3,0,2,-4
EMG,0,-3,-2,4,1,3,-1,-1
EMG,-1,-3,-3,-9,0,0,-1,-1
ORT,0.0913696,0.0133667,-0.864685,0.493774
EUL,0.0681746,0.17206,-2.09801
ACC,-0.188477,0.0673828,0.986328
GYR,-1,-1.3125,-1.875
EMG,0,-1,2,-2,-1,0,0,0
EMG,-1,2,-3,2,0,-1,-2,1
EMG,0,-3,-2,0,-3,1,-2,1
EMG,-1,2,-3,-1,0,-1,0,-2
ORT,0.0910645,0.0135498,-0.864868,0.49353
EUL,0.0674918,0.171735,-2.09871
ACC,-0.17627,0.0664062,0.98291
GYR,-1.375,-1.5625,-1.75
EMG,-1,-1,0,1,-3,-2,1,-1
EMG,0,-3,-2,-1,4,-1,-1,4
EMG,5,2,1,2,-3,3,1,-3
EMG,1,-3,-3,-1,-1,0,-4,-1
ORT,0.0908813,0.0136108,-0.86499,0.493347
EUL,0.0671605,0.171492,-2.09919
ACC,-0.177734,0.0649414,0.986816
GYR,-0.9375,-1.3125,-1.625
EMG,-3,-1,-3,2,-1,0,-1,0
EMG,-2,-5,1,1,-3,-1,3,-2
EMG,1,-3,-2,-3,-2,-3,-2,1
EMG,-2,-1,2,2,-2,-2,-2,2
ORT,0.0906982,0.0137329,-0.865173,0.493042
EUL,0.0666985,0.171318,-2.09994
ACC,-0.17627,0.0688477,0.980469
GYR,-1.0625,-0.875,-2
EMG,-1,-2,0,-3,2,-1,0,-1
EMG,1,-2,-5,5,3,1,-4,-1
EMG,-3,-2,1,-6,-6,-3,1,1
EMG,-2,2,-2,1,0,-2,-2,-1
ORT,0.0906982,0.013855,-0.865356,0.492737
EUL,0.0664238,0.171465,-2.10069
ACC,-0.177246,0.0693359,0.984863
GYR,-0.625,-0.4375,-2
EMG,2,-1,1,1,-3,2,-2,-1
EMG,2,1,-2,-3,-3,-2,1,-1
EMG,-1,2,0,3,-1,-3,2,-1
EMG,2,-1,-1,2,0,1,2,0
ORT,0.0906372,0.013916,-0.865479,0.492493
EUL,0.0662064,0.171435,-2.10122
ACC,-0.170898,0.0708008,0.987793
GYR,-0.875,-0.0625,-1.75
EMG,3,0,-1,-6,4,1,-1,-3
EMG,-3,1,-2,-2,1,-1,-3,1
EMG,1,1,0,1,-3,1,-3,-1
EMG,6,2,0,2,-3,0,0,-2
ORT,0.0906372,0.0139771,-0.865662,0.492249
EUL,0.0660497,0.171522,-2.10191
ACC,-0.16748,0.0664062,0.985352
GYR,-0.25,0.1875,-1.9375
EMG,1,-1,-4,2,0,-3,0,-3
EMG,2,0,0,-1,0,1,1,0
EMG,-1,2,1,-4,1,-4,-1,-4
EMG,-2,-1,-3,-1,-2,0,2,-2
ORT,0.0906372,0.0140381,-0.865784,0.491943
EUL,0.0658834,0.171597,-2.1025
ACC,-0.163086,0.0683594,0.968262
GYR,-0.375,0.5,-1.9375
EMG,2,-4,-1,5,-1,3,0,1
EMG,2,-2,1,-7,-2,-2,-1,-2
EMG,-6,2,-1,2,-3,-3,1,-3
EMG,-1,-4,0,0,2,0,0,-1
ORT,0.0905762,0.0140991,-0.865967,0.491638
EUL,0.0656531,0.171576,-2.10324
ACC,-0.163086,0.0634766,0.977051
GYR,-0.375,0.5625,-2.25
EMG,1,1,1,-2,0,-2,-1,1
EMG,-1,5,-2,3,-2,-1,0,-3
EMG,-1,-1,-3,-3,1,2,-3,1
EMG,1,0,0,0,-4,2,0,1
ORT,0.0904541,0.0142822,-0.866211,0.491211
EUL,0.0651228,0.171576,-2.10426
ACC,-0.163574,0.0585938,0.973145
GYR,-0.5625,-0.25,-2.6875
EMG,-5,2,0,6,2,0,1,1
EMG,2,-3,-2,-7,0,0,-1,-3
EMG,-1,-1,-1,0,2,0,2,2
EMG,0,-3,0,3,2,1,1,2
ORT,0.09021,0.0141602,-0.866516,0.490723
EUL,0.0649898,0.171067,-2.10545
ACC,-0.168945,0.0649414,0.97168
GYR,-0.0625,-1.4375,-3.3125
EMG,0,-2,-2,-6,-3,-3,-2,-2
EMG,-2,0,-1,2,-1,0,0,0
EMG,5,1,-5,1,-2,2,-1,-4
EMG,1,1,-6,-2,1,-2,-2,1
ORT,0.0895996,0.0143433,-0.866821,0.490234
EUL,0.0639508,0.170218,-2.10667
ACC,-0.161621,0.0610352,0.984375
GYR,-2.0625,-2.25,-3.4375
EMG,-3,2,-3,1,-3,-1,1,0
EMG,-2,0,0,-6,-5,-1,0,2
EMG,-1,-2,0,1,0,0,-3,-3
EMG,2,3,1,-4,-1,-1,-1,-4
ORT,0.0891724,0.0145264,-0.867188,0.489746
EUL,0.0630971,0.1697,-2.10805
ACC,-0.164062,0.0493164,0.977051
GYR,-1,-1.5625,-3.5
EMG,-1,0,1,0,-1,-1,-4,1
EMG,2,0,-6,-1,-2,-1,1,-3
EMG,-1,-3,-1,-6,1,-1,-3,1
EMG,2,1,-1,8,-2,0,-2,0
ORT,0.0888672,0.0144043,-0.867493,0.489258
EUL,0.0629046,0.169083,-2.10924
ACC,-0.169434,0.0625,0.97998
GYR,-0.1875,-1.9375,-3.25
EMG,1,-2,-1,-3,-3,-2,2,4
EMG,2,0,-4,1,-3,-3,1,-1
EMG,1,-2,0,-2,4,0,0,-4
EMG,-6,-1,-3,1,0,-3,1,0
ORT,0.0884399,0.0147095,-0.867798,0.488831
EUL,0.0618512,0.168676,-2.11043
ACC,-0.173828,0.0537109,0.989746
GYR,-2,-2,-3.1875
EMG,-2,-5,0,-2,-4,2,-4,-1
EMG,-2,-1,0,1,0,1,-2,1
EMG,-1,2,-2,0,-3,-1,1,3
EMG,-1,2,-1,-4,1,0,1,-4
ORT,0.0880737,0.0150146,-0.867981,0.488464
EUL,0.0608746,0.168355,-2.11126
ACC,-0.178711,0.0449219,0.985352
GYR,-1.3125,-1.5625,-2.375
EMG,-1,-3,-1,0,1,2,2,-4
EMG,-2,-3,1,-3,-2,3,-2,0
EMG,0,0,2,-1,-3,-2,0,1
EMG,-1,-1,0,-5,1,1,1,-2
ORT,0.0879517,0.0151367,-0.868103,0.488281
EUL,0.0605008,0.168277,-2.11174
ACC,-0.184082,0.0532227,0.990723
GYR,-0.25,-1.5,-1.25
EMG,0,-5,1,-4,2,-2,0,4
EMG,3,1,-1,0,0,0,1,-2
EMG,1,3,-1,-1,2,1,0,-4
EMG,0,-3,0,-4,0,-1,-1,-1
ORT,0.0877686,0.0153198,-0.868164,0.488281
EUL,0.0599928,0.168147,-2.11192
ACC,-0.179199,0.0517578,0.989746
GYR,-1.0625,-1.3125,-0.1875
EMG,-4,-2,3,0,-3,1,-4,-1
EMG,1,0,-1,1,-1,-1,0,0
EMG,-8,-1,2,-3,0,-1,0,-1
EMG,-1,-3,4,3,-2,-1,-1,2
ORT,0.0875244,0.0155029,-0.868103,0.488403
EUL,0.0594485,0.167891,-2.11168
ACC,-0.17334,0.0444336,0.985352
GYR,-0.6875,-1.3125,0.875
EMG,1,3,-2,-7,0,-3,1,-3
EMG,-2,-2,1,4,-1,0,-2,0
EMG,-5,-3,-1,-1,2,1,-2,1
EMG,2,-2,-2,0,-3,1,-4,-1
ORT,0.0874023,0.0153198,-0.867981,0.488647
EUL,0.0596934,0.167481,-2.11112
ACC,-0.171387,0.0517578,0.985352
GYR,0.8125,-1.1875,1.9375
EMG,-1,3,0,-7,0,1,1,-2
EMG,0,0,2,3,-2,-1,2,-3
EMG,0,-3,-2,0,-4,-7,-1,1
EMG,-4,0,1,0,-3,-2,-1,-1
ORT,0.0874023,0.0151978,-0.867798,0.489014
EUL,0.0599779,0.167339,-2.11032
ACC,-0.165527,0.0527344,0.977539
GYR,0.875,-0.375,2.1875
EMG,0,-1,-1,2,-2,-1,-1,1
EMG,-1,1,2,-2,-1,-1,-2,-1
EMG,0,-2,-3,-6,1,-2,-2,2
EMG,-2,-1,-3,-4,-3,-3,2,-2
ORT,0.0874023,0.0153198,-0.867615,0.489258
EUL,0.0598128,0.167435,-2.10965
ACC,-0.168457,0.0458984,0.972656
GYR,0,0,1.6875
EMG,-4,-3,0,3,-1,3,-3,-4
EMG,-1,1,1,1,1,-1,-3,1
EMG,2,-1,2,4,-2,1,-3,-1
EMG,3,2,-3,3,-1,-3,0,1
ORT,0.0872803,0.015564,-0.867554,0.48938
EUL,0.0592848,0.167456,-2.10942
ACC,-0.166016,0.0527344,0.974609
GYR,-1.1875,0.1875,0.6875
EMG,-2,0,1,2,-1,-1,2,2
EMG,2,-1,-2,-1,1,0,0,-4
EMG,4,0,0,0,-1,-1,-2,-1
EMG,-1,-2,-1,-3,1,-2,-1,-2
ORT,0.0871582,0.0159912,-0.867615,0.489319
EUL,0.0583996,0.167674,-2.10969
ACC,-0.164062,0.046875,0.97168
GYR,-1.8125,0.625,-0.5625
EMG,-3,2,-3,2,1,-2,4,2
EMG,0,-1,4,-4,-2,1,-1,2
EMG,-3,-1,-3,-1,-4,-1,2,-1
EMG,-1,-1,1,0,-2,2,-2,0
ORT,0.0870972,0.0164795,-0.867737,0.489136
EUL,0.0574454,0.168066,-2.11023
ACC,-0.15918,0.0576172,0.961914
GYR,-2.5625,1.3125,-1.5
EMG,3,1,1,-2,-1,0,-5,-3
EMG,-2,-1,-2,-2,-2,0,3,-1
EMG,-1,3,-1,-1,-8,0,2,0
EMG,-3,2,-6,2,-1,3,0,-2
ORT,0.0871582,0.0172119,-0.867859,0.488831
EUL,0.0561646,0.168912,-2.11093
ACC,-0.152832,0.0576172,0.949219
GYR,-3.75,2.6875,-2.375
EMG,1,-1,-1,-2,4,3,1,-4
EMG,-2,-1,0,1,-1,-2,-2,2
EMG,2,0,-2,-2,-2,0,2,-3
EMG,-1,-1,-1,-2,0,-3,-3,-2
ORT,0.0874634,0.0178833,-0.868103,0.488342
EUL,0.0551996,0.17014,-2.11209
ACC,-0.164062,0.0546875,0.957031
GYR,-2.4375,3.5625,-3.3125
EMG,1,0,1,-2,-3,0,-3,-5
EMG,0,-4,-1,-1,-1,-1,1,1
EMG,-2,-1,-4,0,2,-1,0,-1
EMG,1,1,1,-3,0,-2,-2,-1
ORT,0.0879517,0.0188599,-0.868347,0.487732
EUL,0.0538601,0.171989,-2.11342
ACC,-0.176758,0.0561523,0.960938
GYR,-3.5625,4.5,-4.4375
EMG,0,-5,1,-4,-2,-1,1,2
EMG,0,2,-3,0,-1,-2,-2,-2
EMG,1,-2,0,2,4,-1,0,-2
EMG,2,0,-2,-1,0,4,0,4
ORT,0.088501,0.0201416,-0.868713,0.486877
EUL,0.0519942,0.174258,-2.11533
ACC,-0.183105,0.0541992,0.98291
GYR,-4.625,5.5,-5.8125
EMG,5,2,-3,0,-1,-6,-2,-4
EMG,-3,-4,-2,1,1,-1,2,-1
EMG,1,-2,2,-1,0,1,0,1
EMG,0,1,-2,-1,1,-1,1,0
ORT,0.0890503,0.0216064,-0.869141,0.486023
EUL,0.0497987,0.176715,-2.11744
ACC,-0.190918,0.0571289,0.97998
GYR,-5.5625,5.625,-6.125
EMG,3,-1,-2,3,-4,-4,-1,-5
EMG,-1,1,-2,-4,-2,-2,-1,0
EMG,-1,3,0,-3,1,-2,-1,-1
EMG,1,-2,3,-1,1,-4,2,-4
ORT,0.0895996,0.0230713,-0.869507,0.485229
EUL,0.0476112,0.179162,-2.11935
ACC,-0.199707,0.0551758,0.987305
GYR,-6.1875,5.375,-5.6875
EMG,-2,0,-2,3,-1,0,1,-1
EMG,-2,-2,-3,1,2,1,-2,-1
EMG,-1,1,-1,1,-3,3,-2,0
EMG,1,2,-1,-2,-1,0,-1,-1
ORT,0.0899658,0.0244141,-0.869751,0.484558
EUL,0.0454786,0.181145,-2.12083
ACC,-0.198242,0.0512695,0.999512
GYR,-5.5625,4.3125,-4.875
EMG,-3,3,-3,1,1,0,-1,5
EMG,-3,-3,0,-1,0,0,2,-2
EMG,-1,-8,0,5,0,1,0,-3
EMG,0,4,3,-3,-1,-2,0,-4
ORT,0.090271,0.0253296,-0.869995,0.48407
EUL,0.0440684,0.182606,-2.12207
ACC,-0.193359,0.0439453,1.00635
GYR,-3.5,3.5625,-3.4375
EMG,0,-3,-1,-2,1,-2,-1,0
EMG,-1,2,-1,-1,0,0,-3,-2
EMG,1,1,-2,-1,-3,-2,-1,1
EMG,0,-4,0,-3,-2,1,-4,2
ORT,0.0905762,0.026062,-0.870117,0.483765
EUL,0.0430193,0.183874,-2.1228
ACC,-0.1875,0.0390625,1.00098
GYR,-2.5,3.3125,-2.3125
EMG,3,-2,0,-1,-2,-1,1,2
EMG,-2,4,-1,-2,-1,-2,0,-2
ORT,0.0908203,0.0266724,-0.870239,0.483459
EUL,0.0421236,0.184913,-2.12351
ACC,-0.181152,0.0371094,1.00195
GYR,-1.875,3.5625,-1.875
EMG,-1,1,1,5,2,1,-1,-3
EMG,-5,-5,-2,2,-2,-1,0,1
EMG,-2,3,2,-1,-2,-1,-2,0
EMG,3,-3,-3,-2,0,-1,-2,-2
EMG,2,2,-2,-5,-1,-3,-1,2
EMG,0,-1,-4,1,3,-2,0,-2
ORT,0.0911865,0.0274048,-0.870422,0.483032
EUL,0.0411072,0.186292,-2.12451
ACC,-0.177246,0.0366211,0.987305
GYR,-2,4.25,-3.1875
EMG,-2,-4,3,-6,3,0,2,-6
EMG,-2,2,-2,0,-3,-4,1,3
EMG,-2,-4,1,-1,0,-3,-1,-2
EMG,1,-1,-2,2,1,0,-2,-2
ORT,0.0917969,0.0280762,-0.870728,0.4823
EUL,0.0403764,0.188049,-2.12611
ACC,-0.177734,0.0385742,0.991211
GYR,-1.375,5.5,-4.875
EMG,-5,-5,0,-1,-3,-3,-3,0
EMG,4,-1,-1,2,-2,1,0,-2
EMG,-6,-3,0,-5,-1,2,1,2
EMG,7,1,2,-1,-5,-1,-2,-1
ORT,0.0924683,0.0289917,-0.871155,0.481384
EUL,0.0392301,0.190165,-2.12823
ACC,-0.178223,0.0390625,0.995117
GYR,-2.125,6.625,-6.1875
EMG,-4,1,-5,1,2,2,3,1
EMG,-1,0,-1,-1,-2,-1,-2,-2
EMG,-2,4,-1,-2,0,-2,-3,-3
EMG,-3,-2,1,1,-1,3,-1,1
ORT,0.0932007,0.0301514,-0.871643,0.480347
EUL,0.0376804,0.192631,-2.13068
ACC,-0.188965,0.0336914,0.998535
GYR,-2.8125,7.0625,-6.9375
EMG,1,-3,0,-3,0,-2,-1,0
EMG,-1,0,1,0,-1,0,0,0
EMG,-3,-3,-1,-8,-4,-1,-1,1
EMG,-2,-4,-1,-2,-3,1,1,-2
ORT,0.0941162,0.0310059,-0.87207,0.479248
EUL,0.0368385,0.195106,-2.13299
ACC,-0.193848,0.0327148,0.993652
GYR,-0.875,7.125,-7
EMG,2,-1,-1,-5,-1,-1,-3,2
EMG,0,-2,1,4,0,0,-2,2
EMG,2,-2,-2,-4,-1,0,-3,-2
EMG,0,4,-1,-2,0,-3,-3,-2
ORT,0.0949707,0.0316772,-0.872498,0.478271
EUL,0.0362785,0.197302,-2.13515
ACC,-0.189453,0.0268555,0.984375
GYR,0.3125,6.5625,-6.0625
EMG,-4,2,2,2,-6,2,-2,0
EMG,0,-3,1,-4,-1,-4,2,2
EMG,0,4,-2,0,1,3,0,-2
EMG,-3,-2,0,0,-1,1,1,0
ORT,0.0957642,0.0322266,-0.872864,0.477417
EUL,0.035898,0.199265,-2.13702
ACC,-0.191406,0.0244141,0.979492
GYR,0.375,5.875,-5.375
EMG,4,1,-4,1,1,-1,0,1
EMG,-2,-1,0,-1,3,2,0,-3
EMG,2,3,3,2,-4,-2,2,-1
EMG,1,1,1,-1,-1,0,-1,1
ORT,0.0964355,0.0326538,-0.873169,0.476685
EUL,0.0356382,0.200889,-2.1386
ACC,-0.186523,0.0219727,0.968262
GYR,1.125,5.3125,-4.5
EMG,1,2,-2,3,-3,1,-1,-2
EMG,5,-1,-2,0,2,0,-2,-2
EMG,-3,-1,-2,-1,1,1,-1,1
EMG,0,-2,0,-1,1,-1,1,-1
ORT,0.0970459,0.0330811,-0.873413,0.476013
EUL,0.0353318,0.202395,-2.13996
ACC,-0.187012,0.0195312,0.968262
GYR,1.125,4.9375,-3.8125
EMG,2,1,0,2,-1,1,-1,0
EMG,-4,-2,0,-4,1,0,0,-2
EMG,-3,0,0,2,0,-1,1,1
EMG,1,-1,-2,0,-1,-4,-1,-3
ORT,0.0975952,0.0333862,-0.873657,0.475464
EUL,0.0352046,0.203683,-2.14119
ACC,-0.200684,0.0229492,0.966797
GYR,0.9375,3.625,-3.4375
EMG,1,-4,-4,-3,-1,-6,-1,-3
EMG,-1,0,0,-5,-3,-4,-4,0
EMG,0,1,1,7,0,-1,-3,-1
EMG,-1,-3,-2,-9,1,1,0,1
ORT,0.0980225,0.0337524,-0.873901,0.474976
EUL,0.0348594,0.204816,-2.14236
ACC,-0.206055,0.0205078,0.964844
GYR,0.5,2.5,-2.9375
EMG,0,1,1,0,1,1,-2,-3
EMG,0,0,0,-4,1,1,0,0
EMG,2,-1,-5,5,0,-1,0,-3
EMG,3,3,2,3,-4,-2,-2,-3
ORT,0.0981445,0.0340576,-0.874023,0.47467
EUL,0.0343668,0.205333,-2.14303
ACC,-0.20459,0.0205078,0.963867
GYR,-0.1875,1.25,-1.875
EMG,-3,-2,-2,-2,-2,-1,-1,4
EMG,-4,2,-2,0,1,-1,1,-3
EMG,3,-3,-2,-5,0,0,-4,-3
EMG,2,0,-3,3,-2,1,1,1
ORT,0.0982056,0.0341187,-0.874023,0.47467
EUL,0.0343182,0.205502,-2.14305
ACC,-0.211914,0.0239258,0.959961
GYR,0.5,0.0625,-0.4375
EMG,4,1,-1,-3,1,0,-1,-1
EMG,-2,-2,1,2,-2,-1,-2,-1
EMG,3,3,0,4,2,0,2,1
EMG,-3,1,-2,-10,-1,0,1,-4
ORT,0.0980835,0.0341797,-0.873962,0.474792
EUL,0.0341183,0.205339,-2.14279
ACC,-0.21875,0.0258789,0.964355
GYR,-0.375,-1.375,0.8125
EMG,0,2,-2,3,2,-1,-3,-3
EMG,-1,-2,1,2,-3,-3,-1,0
EMG,0,-6,-1,-2,-2,-2,-1,-1
EMG,1,0,-1,-1,-4,0,0,3
ORT,0.0976562,0.0342407,-0.873901,0.475037
EUL,0.0336427,0.20464,-2.1424
ACC,-0.213379,0.0180664,0.967285
GYR,-0.625,-2.875,1.375
EMG,1,3,1,-2,0,0,-2,-1
EMG,1,-2,-2,-5,0,-1,0,-1
EMG,-2,-3,-2,2,-2,-1,0,-2
EMG,-2,-4,-3,1,1,-1,-1,-3
ORT,0.0971069,0.0341797,-0.873718,0.475464
EUL,0.0333088,0.203594,-2.1415
ACC,-0.208008,0.0200195,0.961914
GYR,-0.375,-3.6875,2.625
EMG,-2,2,-2,0,2,1,2,0
EMG,1,1,0,1,-2,1,0,3
EMG,2,4,0,-2,-2,1,-1,0
EMG,-1,1,2,4,4,-3,-2,-1
ORT,0.0964966,0.0339355,-0.873474,0.476074
EUL,0.0332798,0.202263,-2.14023
ACC,-0.200684,0.0307617,0.964844
GYR,-0.8125,-4.0625,3.8125
EMG,0,-2,1,-6,-4,4,0,1
EMG,-2,1,-1,-1,0,-2,-2,1
EMG,-2,-1,2,0,-1,0,-3,-1
EMG,-3,0,-1,-1,0,0,-1,-1
ORT,0.0958252,0.0337524,-0.873169,0.476807
EUL,0.0331086,0.200878,-2.1387
ACC,-0.200195,0.0239258,0.95752
GYR,-1.0625,-4.1875,4.5625
EMG,-1,-3,-1,4,-3,-4,-3,-1
EMG,2,1,-3,3,-1,-2,-1,-1
ORT,0.0952148,0.0335693,-0.872864,0.477417
EUL,0.0329719,0.199595,-2.1373
ACC,-0.200195,0.0268555,0.966797
GYR,-0.6875,-3.9375,3.875
EMG,0,-2,1,-5,0,-4,-1,-2
EMG,0,0,-3,1,-1,-1,-4,0
EMG,-5,-2,0,-1,-2,2,-1,-1
EMG,1,-1,-2,-1,1,1,1,1
ORT,0.0946045,0.0333252,-0.872681,0.477905
EUL,0.03291,0.198268,-2.1363
ACC,-0.20459,0.03125,0.981445
GYR,-0.8125,-4,3.1875
EMG,-4,1,-3,-4,-3,-1,1,1
EMG,-2,1,1,0,-3,-2,1,-1
EMG,2,-1,-4,1,-2,-1,1,-2
EMG,-4,-5,0,0,0,-2,-1,4
ORT,0.0939331,0.0334473,-0.872498,0.478394
EUL,0.0321368,0.19719,-2.13538
ACC,-0.212891,0.0327148,0.97998
GYR,-2.8125,-4.1875,2.4375
EMG,0,2,-2,-6,-4,-5,3,1
EMG,-3,-2,-1,5,1,-1,-3,-1
EMG,4,-3,-2,2,-3,-3,-1,-2
EMG,0,2,2,-4,0,1,-3,-3
ORT,0.0933228,0.0338135,-0.872314,0.47876
EUL,0.0309669,0.196452,-2.13464
ACC,-0.207031,0.0297852,0.986328
GYR,-3.6875,-3,2.125
EMG,3,-3,0,-2,0,2,-3,-1
EMG,-2,-3,0,3,-4,-1,-2,3
EMG,-1,1,-1,-3,0,0,-1,0
EMG,-2,-1,1,5,-3,1,1,-3
ORT,0.0930176,0.0339355,-0.872131,0.479126
EUL,0.0305311,0.196019,-2.13385
ACC,-0.204102,0.0307617,0.98291
GYR,-1.8125,-1.75,2.1875
EMG,1,0,0,-1,1,2,2,-4
EMG,1,-2,-1,-2,-2,1,-1,1
EMG,-5,-1,1,-5,2,1,-2,1
EMG,2,0,-1,1,-2,-1,-3,-3
ORT,0.0928955,0.0339966,-0.872009,0.479431
EUL,0.0303685,0.195859,-2.13326
ACC,-0.200684,0.0317383,0.978516
GYR,-1.0625,-1,1.8125
EMG,-1,0,0,-6,-4,0,0,-2
EMG,2,-1,1,-1,1,-3,2,-1
EMG,-4,-1,-2,2,1,-3,1,-2
EMG,2,2,-2,-2,0,-1,-2,-1
ORT,0.0928345,0.0339966,-0.871826,0.479736
EUL,0.0303786,0.195737,-2.13252
ACC,-0.189941,0.0380859,0.991211
GYR,-0.8125,0.375,1.8125
EMG,0,-4,-1,2,-1,2,-3,3
EMG,1,0,-1,0,1,1,1,0
EMG,0,0,1,-2,1,2,0,-1
EMG,1,-1,2,-1,-1,0,1,2
ORT,0.0929565,0.0339966,-0.871582,0.480103
EUL,0.0305856,0.195933,-2.13157
ACC,-0.194336,0.0380859,0.993652
GYR,-0.3125,0.8125,2.375
EMG,-1,0,-3,6,2,0,0,0
EMG,8,-1,2,0,-3,-2,1,1
EMG,-2,-2,0,-2,2,2,2,-1
EMG,0,5,-4,-2,2,2,2,-3
ORT,0.0931396,0.0339966,-0.871338,0.48053
EUL,0.030865,0.196242,-2.13056
ACC,-0.197266,0.0356445,0.98584
GYR,-0.4375,0.8125,2.6875
EMG,-3,1,2,1,4,-2,-1,2
EMG,-3,-1,0,-5,-3,2,-1,-2
EMG,0,2,-2,4,-1,-3,0,-1
EMG,3,-3,-1,-5,-2,1,-2,-2
ORT,0.0932007,0.0339355,-0.871155,0.480896
EUL,0.0311158,0.196281,-2.12975
ACC,-0.19043,0.0317383,0.985352
GYR,0.125,0.625,2.5
EMG,-1,-1,-2,6,3,-1,2,-4
EMG,-1,1,-4,3,1,1,-1,1
EMG,3,-1,2,1,2,0,0,1
EMG,-1,-1,-4,-2,-1,-1,1,-5
ORT,0.0932007,0.0338135,-0.870972,0.481262
EUL,0.0314142,0.196152,-2.12892
ACC,-0.189453,0.0366211,0.983887
GYR,0.125,0,2
EMG,1,2,-2,1,-4,1,-3,-3
EMG,-1,2,3,-3,1,0,-3,1
EMG,-2,-1,-4,0,-4,-1,0,-2
EMG,5,-1,0,-1,0,-1,-1,-2
ORT,0.0932007,0.0337524,-0.870972,0.481262
EUL,0.0315223,0.196092,-2.12891
ACC,-0.185059,0.0375977,0.969727
GYR,-0.4375,0.6875,0.3125
EMG,-1,-1,1,-1,1,0,1,1
EMG,-3,0,-5,2,1,-2,0,-1
EMG,-1,-2,-5,-1,-2,-5,-4,1
EMG,-2,-2,3,4,4,-1,1,-1
ORT,0.0932617,0.0337524,-0.871033,0.48114
EUL,0.0315555,0.196204,-2.12918
ACC,-0.185059,0.0375977,0.974609
GYR,-0.25,1.0625,-0.8125
EMG,3,3,-3,-2,-1,-1,0,-3
EMG,-1,2,-2,-2,0,1,-2,-1
EMG,1,1,-2,0,0,0,1,-1
EMG,-5,-4,-1,1,-1,-5,-3,1
ORT,0.0935059,0.0339966,-0.871216,0.480774
EUL,0.031283,0.196886,-2.13004
ACC,-0.202148,0.0400391,0.978516
GYR,-0.9375,1.1875,-2.5
EMG,2,0,-2,0,1,1,-4,1
EMG,-2,1,-3,4,-2,-1,1,-2
EMG,-3,1,0,0,-2,-1,-1,1
EMG,0,4,0,2,-4,-1,1,-1
ORT,0.0936279,0.0343628,-0.87146,0.480225
EUL,0.0306333,0.197471,-2.13125
ACC,-0.195801,0.0327148,0.978027
GYR,-1.4375,1.6875,-3.5625
EMG,-4,0,-2,-5,-1,1,0,0
EMG,-1,-4,0,-4,-1,0,-2,-1
EMG,0,0,0,3,5,-1,-1,-1
EMG,-2,-2,-3,-3,-1,-1,1,1
ORT,0.093811,0.03479,-0.871704,0.479675
EUL,0.029935,0.198222,-2.13248
ACC,-0.196777,0.0292969,0.976074
GYR,-1.3125,1.9375,-3.625
EMG,4,-3,-1,2,2,-3,-3,-1
EMG,0,2,-2,-4,-4,-1,0,1
EMG,-4,-2,3,-3,-3,-1,0,-4
EMG,-1,1,0,-2,0,0,0,3
ORT,0.0940552,0.0351562,-0.871948,0.479126
EUL,0.0294043,0.199022,-2.1337
ACC,-0.200195,0.03125,0.979004
GYR,-0.75,1.8125,-3.625
EMG,0,3,-2,-4,-1,0,0,0
EMG,-1,-1,-2,2,0,-4,4,0
EMG,1,-4,2,-4,-1,3,0,-3
EMG,-1,-4,0,-2,-5,0,-3,0
ORT,0.0941772,0.0354004,-0.872253,0.478577
EUL,0.0289643,0.199497,-2.13504
ACC,-0.194824,0.0200195,0.980469
GYR,-0.3125,1.375,-3.5625
EMG,1,-1,-1,-2,-1,1,0,-1
EMG,-2,-2,2,0,-1,1,1,-3
EMG,1,4,-2,-1,-1,-3,0,0
EMG,-1,-5,-2,-2,0,0,0,-1
ORT,0.0941772,0.0356445,-0.872559,0.478027
EUL,0.0284032,0.199754,-2.13638
ACC,-0.188477,0.0253906,0.976562
GYR,-0.375,1.4375,-3.8125
EMG,0,-1,-3,2,0,0,0,-2
EMG,-2,-4,0,-3,1,-4,-3,-3
EMG,-3,0,1,0,1,-1,0,3
EMG,4,2,0,-2,-1,0,-4,-2
ORT,0.0943604,0.0358276,-0.872864,0.477478
EUL,0.0281306,0.200277,-2.13771
ACC,-0.197754,0.0263672,0.97998
GYR,-0.3125,1.375,-3.75
EMG,-2,2,3,0,1,-2,1,-3
EMG,2,0,-3,-4,0,-2,-5,2
EMG,-3,0,-2,-3,-2,0,-1,0
EMG,-3,-1,-1,-3,0,-2,0,-3
ORT,0.0944824,0.0361328,-0.873169,0.476807
EUL,0.0275567,0.200802,-2.13918
ACC,-0.20166,0.0336914,0.976562
GYR,-1.0625,1.125,-4.1875
EMG,-2,-2,1,1,-2,-1,0,-3
EMG,3,-1,-1,4,0,6,2,1
EMG,1,-3,-2,1,-2,1,0,-1
EMG,-4,0,-1,-1,1,-3,2,-2
ORT,0.0946045,0.0365601,-0.873474,0.476196
EUL,0.0267767,0.201448,-2.14063
ACC,-0.200684,0.0214844,0.976074
GYR,-1.3125,1.5,-4.25
EMG,-2,-1,2,-5,-1,-2,-3,4
EMG,1,1,0,0,0,1,-1,-1
EMG,4,-2,0,-4,1,2,-1,-1
EMG,-5,-2,0,3,-1,-2,-4,0
ORT,0.0947876,0.0368652,-0.87384,0.475525
EUL,0.0262563,0.202092,-2.14226
ACC,-0.206055,0.0180664,0.972656
GYR,-0.125,1.4375,-4.3125
EMG,-4,-1,-5,-7,-2,-2,0,-2
EMG,0,-3,4,0,-3,-4,-4,0
EMG,-3,3,1,-2,0,-2,-2,1
EMG,0,2,-2,0,1,3,0,1
ORT,0.0949097,0.0372314,-0.874146,0.474854
EUL,0.0255711,0.202673,-2.14375
ACC,-0.20752,0.0166016,0.976562
GYR,-0.4375,1,-4.1875
EMG,2,-3,-1,1,-2,2,-1,-2
EMG,-2,-1,-3,-5,3,1,-3,-3
EMG,0,1,-1,2,0,0,1,-1
EMG,1,2,-7,-2,0,-2,-2,-3
ORT,0.0950317,0.0377197,-0.87439,0.474304
EUL,0.0246958,0.20337,-2.14501
ACC,-0.212402,0.0161133,0.978027
GYR,-1,1,-3.625
EMG,2,0,2,4,0,-1,-1,0
EMG,-2,3,2,2,-1,1,0,1
EMG,2,-1,1,-1,0,0,-2,0
EMG,3,0,-1,-1,-2,-1,1,0
ORT,0.0950928,0.0380249,-0.874573,0.473938
EUL,0.0241266,0.203781,-2.14589
ACC,-0.210449,0.0151367,0.96875
GYR,-0.8125,0.3125,-2.5
EMG,1,-1,-3,1,-2,2,2,-3
EMG,1,2,1,-1,-1,0,0,-3
EMG,-2,-1,-1,-1,1,-2,0,-3
EMG,-1,1,2,-1,-2,-3,-4,-1
ORT,0.0950317,0.038269,-0.874695,0.473694
EUL,0.023575,0.203913,-2.14649
ACC,-0.208984,0.0078125,0.972168
GYR,-0.3125,-0.1875,-1.5
EMG,-4,1,-1,1,1,-3,-1,3
EMG,-4,2,-2,-1,-4,-3,0,-1
EMG,3,-4,-4,-3,-2,0,-3,0
EMG,-1,-1,5,-2,-1,-1,0,0
ORT,0.0950317,0.0383301,-0.874695,0.473694
EUL,0.0234662,0.203972,-2.1465
ACC,-0.208496,0.0078125,0.973145
GYR,0.1875,-0.875,-0.5
EMG,-1,-2,-1,3,-1,2,0,4
EMG,0,5,1,-1,2,-2,0,-2
EMG,0,-2,1,-1,-1,-2,-3,-1
EMG,-2,-1,-3,1,-2,0,-2,-1
ORT,0.0950317,0.0383911,-0.874695,0.473694
EUL,0.0233575,0.204031,-2.14652
ACC,-0.206055,0.012207,0.966309
GYR,-0.6875,-1,0.375
EMG,4,4,0,-6,3,1,-1,-3
EMG,3,-4,-4,-3,-3,2,-1,-2
EMG,0,-1,-2,1,2,1,-2,2
EMG,0,2,0,-3,-3,0,1,-1
ORT,0.0950317,0.0383911,-0.874695,0.473694
EUL,0.0233575,0.204031,-2.14652
ACC,-0.211426,0.0136719,0.976074
GYR,-0.5625,-1,0.875
EMG,-7,-6,0,-2,-4,-4,-1,-2
EMG,-3,-6,2,5,0,-2,2,3
EMG,-4,-1,-2,-4,-2,-1,1,-3
EMG,1,-3,0,1,0,2,-2,0
ORT,0.0947876,0.0383911,-0.874634,0.473877
EUL,0.0231594,0.203598,-2.14618
ACC,-0.206055,0.0209961,0.973633
GYR,-0.625,-1.4375,1.3125
EMG,1,1,2,-4,-3,1,1,0
EMG,-1,-5,-2,0,1,-1,1,-1
EMG,-1,1,-2,0,-4,-1,-3,2
EMG,0,1,-5,1,0,0,0,-1
ORT,0.0946045,0.0385742,-0.874573,0.47406
EUL,0.0226945,0.203451,-2.14588
ACC,-0.208496,0.012207,0.975586
GYR,-0.8125,-1.0625,1.125
EMG,0,3,-2,0,1,1,-1,0
EMG,2,3,0,3,-1,2,-2,0
EMG,1,0,-1,2,-1,-2,-1,0
EMG,0,-3,-3,-1,-1,2,2,2
ORT,0.0944214,0.0386963,-0.874451,0.474304
EUL,0.0223548,0.203238,-2.14537
ACC,-0.205078,0.0200195,0.972656
GYR,-1.125,-1.0625,1.4375
EMG,5,-1,-4,2,-3,-2,2,-1
EMG,0,0,1,-3,0,-1,1,-1
EMG,-3,1,3,1,-2,1,-2,-3
EMG,-2,-1,-3,-2,2,-2,-1,2
ORT,0.0941772,0.0388184,-0.874329,0.474609
EUL,0.0219672,0.202921,-2.14479
ACC,-0.200684,0.0209961,0.975098
GYR,-1.3125,-0.8125,1.625
EMG,5,3,-6,2,0,1,-2,0
EMG,-1,-1,-2,2,0,0,0,-4
EMG,0,-3,0,-10,-2,-4,0,3
EMG,2,-2,3,0,2,3,0,-4
ORT,0.0939941,0.0388794,-0.874146,0.474854
EUL,0.0217409,0.202637,-2.1441
ACC,-0.206543,0.0166016,0.983887
GYR,-0.8125,-1.0625,1.6875
EMG,-4,0,0,-2,2,-3,-1,-1
EMG,1,-1,-2,-2,0,-3,-2,4
EMG,1,1,-3,5,1,2,0,-5
EMG,1,0,0,-1,-3,0,-1,-1
ORT,0.0938721,0.0388184,-0.874084,0.475098
EUL,0.0217819,0.202368,-2.1437
ACC,-0.205078,0.0234375,0.979004
GYR,-0.5,-1.1875,1.5
EMG,0,2,4,1,0,-2,-3,1
EMG,-1,0,-4,0,0,3,0,-1
EMG,0,0,-1,1,0,1,1,-1
EMG,-1,3,0,0,-1,-1,-2,-3
ORT,0.093811,0.0388184,-0.873962,0.475342
EUL,0.0217786,0.202255,-2.14316
ACC,-0.206055,0.0229492,0.978027
GYR,-0.375,-0.8125,1.4375
EMG,0,-4,0,-4,-2,-3,1,2
EMG,3,0,2,-5,0,-1,-1,-3
EMG,0,-1,-3,6,-2,-1,2,2
EMG,1,1,-1,1,1,-3,-2,-1
ORT,0.0936279,0.0389404,-0.87384,0.475525
EUL,0.0214268,0.202038,-2.1427
ACC,-0.19873,0.0185547,0.97998
GYR,-0.9375,-0.4375,1.1875
EMG,-4,-1,-2,-6,-2,-1,-1,0
EMG,-2,-3,0,-1,-5,-4,-2,1
EMG,1,-3,0,-1,1,-1,-4,0
EMG,-4,-1,-3,-2,0,2,2,-1
ORT,0.0935669,0.0390625,-0.87384,0.475586
EUL,0.0211614,0.202052,-2.14267
ACC,-0.202637,0.0244141,0.984863
GYR,-1.125,-0.0625,0.125
EMG,0,0,-3,-2,-4,-3,-2,-3
EMG,-2,-2,0,4,1,-1,1,1
EMG,-1,0,4,-2,1,2,2,-4
EMG,-2,-1,-3,-4,1,-2,-2,0
ORT,0.0935059,0.0390625,-0.87384,0.475586
EUL,0.0211017,0.201943,-2.14266
ACC,-0.196289,0.019043,0.976562
GYR,-0.375,0.4375,-0.5625
EMG,-2,-2,-1,2,-2,0,-4,0
EMG,-3,-5,-2,-6,3,-2,-4,1
EMG,-3,2,1,2,-5,0,2,3
EMG,1,-2,4,2,0,-1,0,-3
ORT,0.0936279,0.0391235,-0.873901,0.475403
EUL,0.0210727,0.202217,-2.14301
ACC,-0.195801,0.0244141,0.97998
GYR,-0.4375,1.0625,-1.0625
EMG,-3,-2,0,-1,-2,-2,-2,-1
EMG,2,0,-4,-2,1,1,-1,-2
EMG,-2,-1,1,-3,-1,-2,0,0
EMG,-1,-2,0,-2,0,-1,-1,0
ORT,0.09375,0.0393677,-0.873962,0.47522
EUL,0.0207174,0.202669,-2.1434
ACC,-0.19873,0.0234375,0.979492
GYR,-0.75,1.375,-1.375
EMG,0,1,1,3,-2,1,1,-2
EMG,-2,4,0,-3,0,-2,0,-2
EMG,-1,-2,-4,-4,4,-1,1,-2
EMG,0,0,-1,0,-2,-2,-2,4
ORT,0.0938721,0.0395508,-0.874084,0.474976
EUL,0.0204541,0.203068,-2.14399
ACC,-0.196777,0.0224609,0.975586
GYR,-0.75,1.4375,-1.5625
EMG,-1,-2,0,1,-3,1,0,1
EMG,-2,1,2,-2,-2,2,1,-3
EMG,-4,-5,-4,1,-2,0,-1,2
EMG,-2,0,0,-5,-3,-3,1,3
ORT,0.0940552,0.0396118,-0.874207,0.474731
EUL,0.0204676,0.203458,-2.14455
ACC,-0.192383,0.0214844,0.983887
GYR,0.3125,1.5625,-1.6875
EMG,4,-4,0,-1,0,-3,-1,-2
EMG,2,-1,1,0,-2,-1,-1,-2
EMG,-3,-1,-2,-3,0,-3,-2,0
EMG,5,0,-2,1,-1,0,-4,-2
ORT,0.0942993,0.0396118,-0.874329,0.474426
EUL,0.0206376,0.203893,-2.14516
ACC,-0.199219,0.0263672,0.979492
GYR,0.3125,1.5625,-2
EMG,3,1,-4,0,1,1,4,-1
EMG,-5,0,-4,1,-2,0,-3,3
EMG,1,-4,1,-2,0,-4,-1,1
EMG,-3,-2,-1,-2,3,2,-3,-5
ORT,0.0944824,0.0396118,-0.874512,0.47406
EUL,0.020731,0.204225,-2.14598
ACC,-0.194336,0.0244141,0.977539
GYR,0.1875,1.3125,-2.375
EMG,-3,0,0,-2,1,2,1,0
EMG,2,1,-3,-1,-3,-3,-1,0
EMG,1,3,-1,2,1,1,1,-2
EMG,0,2,-3,-2,-2,-2,-1,-3
ORT,0.0944824,0.0397339,-0.874817,0.473572
EUL,0.0203944,0.204363,-2.14723
ACC,-0.199707,0.0161133,0.986328
GYR,0.25,0.6875,-3.3125
EMG,-3,0,0,-2,2,-1,1,1
EMG,-2,1,2,4,3,0,-1,0
EMG,-1,0,-1,-3,-3,2,-2,0
EMG,-3,2,1,-3,0,-2,-1,-1
ORT,0.0944824,0.0397339,-0.875122,0.472961
EUL,0.0202519,0.204372,-2.14858
ACC,-0.202148,0.0180664,0.990723
GYR,0.375,0.0625,-3.6875
EMG,3,0,3,-2,-1,-2,2,0
EMG,1,-3,-5,-7,-6,-1,-2,-1
EMG,-2,1,1,0,-2,1,-1,-1
EMG,-1,0,0,-1,-2,1,1,-1
ORT,0.0943604,0.0397339,-0.875366,0.472534
EUL,0.0200309,0.204166,-2.1496
ACC,-0.204102,0.0258789,0.980957
GYR,-0.5,-0.8125,-3.3125
EMG,-3,0,-5,1,0,0,-1,-2
EMG,0,4,3,-2,2,0,-1,-1
EMG,3,2,-3,-2,0,-3,-1,-1
EMG,1,0,-2,3,-4,-2,-1,-3
ORT,0.0942383,0.0396118,-0.875549,0.472229
EUL,0.0200564,0.203841,-2.15031
ACC,-0.215332,0.0273438,0.981934
GYR,-0.125,-1.8125,-1.9375
EMG,-2,0,1,-1,0,-2,-2,-3
EMG,0,-3,-2,-1,0,0,2,-4
EMG,1,-2,-1,-2,1,2,0,-2
EMG,-1,-3,1,3,2,-3,3,3
ORT,0.0939331,0.0394287,-0.87561,0.472168
EUL,0.02007,0.203125,-2.15046
ACC,-0.227051,0.0131836,0.985352
GYR,0.6875,-3.5,-0.375
EMG,2,1,-1,-3,-3,0,-3,0
EMG,-2,-3,-4,-1,0,2,-1,-1
EMG,3,3,-1,2,-4,1,-2,-1
EMG,-2,-1,0,-4,2,-3,-1,0
ORT,0.093689,0.0388794,-0.875549,0.472351
EUL,0.0208527,0.202162,-2.14999
ACC,-0.229004,0.00732422,0.987305
GYR,2.9375,-4.75,1.3125
EMG,1,1,-1,-2,-2,-3,0,3
EMG,5,0,-3,1,0,1,2,0
EMG,-4,1,-3,-3,-1,3,1,-1
EMG,1,-3,0,2,1,2,-2,1
ORT,0.0933228,0.0379028,-0.875427,0.472778
EUL,0.0223291,0.200576,-2.14903
ACC,-0.223633,0.0151367,0.98584
GYR,3.9375,-6,3.375
EMG,-3,1,-1,2,2,-1,-2,0
EMG,-2,-3,-2,-5,0,-1,0,0
EMG,-1,1,1,2,1,-1,-1,0
EMG,-1,1,-2,-4,-3,-1,0,0
ORT,0.0926514,0.0370483,-0.875183,0.47345
EUL,0.0233441,0.198557,-2.14755
ACC,-0.214355,0.00537109,0.983398
GYR,3.125,-6.875,4.3125
EMG,-2,-3,-3,2,0,5,1,-5
EMG,-4,-5,3,-1,-3,0,-1,-5
EMG,1,1,0,3,-1,-3,2,-1
EMG,2,-2,-4,-5,0,0,-1,2
ORT,0.0917969,0.0361938,-0.874939,0.47406
EUL,0.0241656,0.196206,-2.14612
ACC,-0.197754,-0.00341797,0.978027
GYR,3.6875,-6.8125,4.5
EMG,-1,-1,0,0,-2,1,-2,-3
EMG,0,2,1,2,-1,-5,0,0
EMG,-1,1,-6,-2,-1,-1,0,-3
EMG,-1,-1,1,2,-1,1,-1,1
ORT,0.0911865,0.0351562,-0.874756,0.474609
EUL,0.025532,0.19412,-2.14488
ACC,-0.180664,0.00439453,0.971191
GYR,4.3125,-5.375,3.875
EMG,1,-4,1,-1,3,-2,-3,1
EMG,-3,-1,0,-2,0,-1,-3,-1
EMG,-3,-6,5,0,-1,1,-2,-1
EMG,1,-1,1,1,-3,-3,-1,-1
ORT,0.0905151,0.0344238,-0.874634,0.474976
EUL,0.026255,0.192218,-2.14404
ACC,-0.172852,0.00537109,0.976562
GYR,3.3125,-4,2.5
EMG,1,0,0,2,-3,1,1,-1
EMG,2,3,0,-1,-1,-3,-2,-2
EMG,-1,0,-1,-1,2,-1,-2,0
EMG,-2,3,1,3,4,-2,-2,-1
ORT,0.0900269,0.0338745,-0.874695,0.475098
EUL,0.0267725,0.190836,-2.14393
ACC,-0.165527,0.00488281,0.986328
GYR,2.8125,-2.25,0.8125
EMG,0,1,-2,-4,-2,-1,-3,2
EMG,-3,-1,2,0,-1,1,1,3
EMG,0,-6,-1,2,4,1,-1,0
EMG,0,0,0,-3,-2,0,-2,-1
ORT,0.0900269,0.0333252,-0.874756,0.474915
EUL,0.0277111,0.190303,-2.14414
ACC,-0.168457,0.0205078,0.977539
GYR,3.1875,-0.4375,-0.6875
EMG,-2,-2,0,-7,-1,-2,-2,0
EMG,-2,2,1,2,0,-3,0,-1
EMG,-2,0,1,0,-1,-1,1,1
EMG,-4,-1,-1,4,0,0,2,-3
ORT,0.0901489,0.03302,-0.875,0.474548
EUL,0.0282891,0.190245,-2.14504
ACC,-0.180176,0.0258789,0.974609
GYR,2.25,0.5,-2.375
EMG,2,-3,0,1,1,-3,-1,-5
EMG,-2,1,0,1,0,1,1,-1
EMG,2,3,-1,-1,-1,-3,1,0
EMG,-4,-4,-1,-2,-4,1,-1,1
ORT,0.0904541,0.0328979,-0.875305,0.473938
EUL,0.0286713,0.190687,-2.14637
ACC,-0.185547,0.0234375,0.981445
GYR,1.9375,1.3125,-3.625
EMG,3,0,2,-1,-2,-2,0,1
EMG,-2,-4,0,3,2,2,3,-2
EMG,2,1,-3,0,-3,-4,-5,0
EMG,-1,0,1,-1,0,-1,0,-1
ORT,0.0909424,0.0327759,-0.87561,0.473267
EUL,0.0292201,0.191451,-2.14776
ACC,-0.191406,0.0380859,0.973633
GYR,1.9375,1.875,-4.125
EMG,-2,0,-1,3,0,0,0,1
EMG,-1,5,-1,-4,-4,-1,-2,0
EMG,-1,-3,-3,1,-2,-3,-1,1
EMG,1,-2,-1,-2,-2,-3,-3,-1
ORT,0.0915527,0.0327148,-0.875854,0.472656
EUL,0.0297936,0.192486,-2.14897
ACC,-0.197754,0.0449219,0.969727
GYR,1.25,2.3125,-4.0625
EMG,-3,0,-1,1,-3,-1,-1,1
EMG,1,0,0,-1,-1,-2,2,-1
EMG,-4,2,1,-6,-1,-1,0,-1
EMG,0,-2,-3,5,0,-3,1,-1
ORT,0.0922241,0.0327759,-0.876099,0.472107
EUL,0.0302194,0.193752,-2.15014
ACC,-0.217285,0.0405273,0.972168
GYR,1,1.625,-3.25
EMG,-2,4,-3,-4,1,-1,0,-5
EMG,1,-5,1,2,-1,1,1,3
EMG,0,0,2,2,-2,-1,1,-2
EMG,-2,-2,-1,-1,3,1,-2,-3
ORT,0.0928345,0.0327148,-0.876221,0.471741
EUL,0.0308448,0.194782,-2.15081
ACC,-0.225098,0.0327148,0.986328
GYR,1.9375,0.5625,-2.0625
EMG,-1,-1,0,-4,2,-2,-2,-2
EMG,0,-1,-2,1,-1,0,1,3
EMG,1,-5,0,0,-1,1,-1,-1
EMG,4,0,-1,-1,-4,3,2,1
ORT,0.0934448,0.0322876,-0.876221,0.471619
EUL,0.0321766,0.195454,-2.15086
ACC,-0.233398,0.0385742,0.987305
GYR,3.125,-0.5,-0.375
EMG,-2,-1,0,1,-1,0,-1,4
EMG,2,-1,-2,2,1,1,-3,-1
EMG,-2,-1,0,-5,1,-3,-1,-2
EMG,0,2,-1,2,-2,-5,-2,0
ORT,0.0938721,0.0320435,-0.876099,0.471802
EUL,0.0330705,0.195971,-2.15035
ACC,-0.236816,0.0361328,0.983887
GYR,2.25,-1.3125,1.5625
EMG,-1,4,-2,5,-2,1,3,-2
EMG,1,-3,-1,1,0,-2,0,-1
EMG,3,-2,-1,0,-2,-2,-4,-1
EMG,-4,-5,-1,-2,0,-1,0,0
ORT,0.0941162,0.0317383,-0.875854,0.472229
EUL,0.0339496,0.196094,-2.14927
ACC,-0.21875,0.0219727,0.978027
GYR,2.375,-1.25,3
EMG,3,-2,4,0,-4,4,3,0
EMG,-5,1,-1,1,-5,-6,3,-5
EMG,1,2,0,-1,-3,1,0,0
EMG,-3,-2,-2,-3,2,-2,-1,-2
ORT,0.0943604,0.03125,-0.87561,0.472717
EUL,0.0351666,0.196044,-2.1481
ACC,-0.206543,0.0112305,0.983887
GYR,4.375,-0.9375,4
EMG,-1,-2,-1,0,0,-2,1,3
EMG,1,-1,-2,0,2,-2,-1,2
EMG,-1,3,-2,1,-3,-1,-2,1
EMG,0,0,-4,2,-3,2,-2,-2
ORT,0.0946045,0.0306396,-0.875305,0.473206
EUL,0.0366046,0.195863,-2.14675
ACC,-0.18457,0.0136719,0.973633
GYR,5,0.125,3.75
EMG,0,3,-1,-4,0,-3,0,-3
EMG,2,-3,0,-4,0,0,-2,3
EMG,-3,-1,-2,3,0,-4,1,-1
EMG,8,3,-1,-5,0,0,1,-1
ORT,0.0948486,0.0301514,-0.875061,0.473694
EUL,0.0378214,0.195811,-2.14558
ACC,-0.175781,0.0239258,0.969238
GYR,3.625,1.25,3.4375
EMG,-3,-3,-4,0,0,-3,-3,1
EMG,0,0,-1,-4,0,1,-1,-3
EMG,1,-3,1,-1,0,1,1,-5
EMG,-6,2,-1,-2,-2,-2,0,1
ORT,0.0952759,0.0299683,-0.874756,0.474121
EUL,0.0386673,0.196363,-2.14439
ACC,-0.184082,0.0273438,0.975586
GYR,2.375,2.4375,3.1875
EMG,3,-2,-1,0,0,2,-4,-2
EMG,-1,-1,-1,0,0,-2,-1,-3
EMG,1,-1,-1,-1,-1,1,-1,2
EMG,-1,-1,-1,3,-1,-1,4,-1
ORT,0.0958252,0.0300293,-0.874512,0.474548
EUL,0.0391963,0.19738,-2.1434
ACC,-0.189941,0.0332031,0.973145
GYR,1.3125,3.1875,3.125
EMG,0,2,-3,-3,0,-1,0,-1
EMG,-3,-1,-3,0,-4,0,-3,-1
EMG,-2,-3,0,-7,2,1,0,1
EMG,-2,-2,-1,0,0,-2,-1,0
ORT,0.0965576,0.0300293,-0.874146,0.475037
EUL,0.0400346,0.198645,-2.14205
ACC,-0.201172,0.0341797,0.981934
GYR,1.9375,3.4375,3.3125
EMG,-2,-1,3,-3,-5,-6,-3,0
EMG,-1,-1,-4,-1,-2,0,-2,-1
EMG,-1,3,0,5,0,-1,5,-1
EMG,1,-2,0,-5,-3,-1,-3,2
ORT,0.09729,0.0299072,-0.87384,0.475464
EUL,0.041076,0.199798,-2.14088
ACC,-0.20752,0.0390625,0.982422
GYR,2.25,2.9375,3.4375
EMG,-2,-2,-3,6,4,2,0,-2
EMG,-3,-2,0,-4,0,-4,-3,0
EMG,-1,3,-3,-2,-2,-4,0,-3
EMG,-1,1,3,1,1,2,-1,-2
ORT,0.0979614,0.0297852,-0.873535,0.475891
EUL,0.0420587,0.200842,-2.13971
ACC,-0.213379,0.0336914,0.980957
GYR,2.8125,2.3125,3.3125
EMG,-3,-5,-1,-1,-2,-1,3,0
EMG,-1,-2,-5,-2,2,-3,-2,1
EMG,-1,-2,-1,-2,0,0,-2,0
EMG,-2,-4,3,1,-2,-1,-2,-1
ORT,0.0984497,0.029541,-0.87323,0.476318
EUL,0.0430788,0.20144,-2.1385
ACC,-0.20752,0.0351562,0.98584
GYR,2.8125,1.375,3.25
EMG,1,2,-1,-3,-2,-1,-1,1
EMG,-2,-2,3,-2,1,3,0,-2
EMG,2,-5,-2,3,-3,-2,-2,-2
EMG,1,0,-1,-5,-1,-3,4,3
ORT,0.0986938,0.0291138,-0.873047,0.476685
EUL,0.0441634,0.201445,-2.13762
ACC,-0.185547,0.0405273,0.978027
GYR,2.625,1,2.375
EMG,0,-2,0,1,2,-1,-4,-2
EMG,-3,-1,-1,0,-1,-3,0,2
EMG,-1,-1,1,1,-1,-2,-2,-1
EMG,2,4,1,-2,-2,1,1,-1
ORT,0.098877,0.0286255,-0.872864,0.47699
EUL,0.0452836,0.201277,-2.13677
ACC,-0.175293,0.050293,0.96875
GYR,2.125,1,2.125
EMG,0,-2,-3,7,5,-1,1,-1
EMG,4,2,0,2,-4,1,-2,0
EMG,-3,-3,-1,0,1,1,-2,-1
EMG,-1,0,-3,-1,-1,2,-2,-3
ORT,0.098877,0.0284424,-0.872681,0.477295
EUL,0.0456807,0.201079,-2.13599
ACC,-0.180664,0.0527344,0.965332
GYR,0.0625,0.8125,1.9375
EMG,-2,1,0,-3,-1,-2,-2,0
EMG,4,-1,2,-2,0,-3,-1,1
EMG,0,-1,1,-1,2,0,-4,1
EMG,-2,0,-3,2,-1,0,1,-1
ORT,0.0988159,0.0284424,-0.872742,0.477295
EUL,0.0456166,0.200983,-2.13614
ACC,-0.180664,0.0424805,0.970215
GYR,-0.9375,0,0.6875
EMG,1,-4,-4,0,2,1,2,-2
EMG,-2,-2,0,-1,-2,-3,1,-1
EMG,-1,1,-2,0,-3,1,2,0
EMG,-3,-1,3,2,2,-2,0,3
ORT,0.0988159,0.0284424,-0.872742,0.477295
EUL,0.0456166,0.200983,-2.13614
ACC,-0.186035,0.0512695,0.977051
GYR,-0.375,-1,-0.25
EMG,4,0,0,-3,-2,3,-3,-3
EMG,1,1,-2,-1,1,1,0,-1
EMG,-2,1,-1,-6,1,-1,1,-3
EMG,1,0,-3,4,0,-3,-1,1
ORT,0.0985107,0.0281372,-0.872742,0.477295
EUL,0.0458554,0.200142,-2.13607
ACC,-0.19043,0.0629883,0.980469
GYR,-0.8125,-1.6875,-0.25
EMG,0,3,1,-3,-4,-1,1,-2
EMG,-2,1,-2,2,-2,3,-1,2
EMG,-1,-4,3,-5,0,3,1,-1
EMG,1,6,-5,-4,-2,-1,-1,-3
ORT,0.0980835,0.027832,-0.872803,0.477356
EUL,0.0459819,0.199099,-2.13609
ACC,-0.192871,0.0458984,0.979004
GYR,0.375,-2.75,0
EMG,-4,-3,-1,3,0,-2,-4,2
EMG,-2,-3,-2,-5,-2,-2,3,4
EMG,-1,2,-2,0,-3,1,-2,-2
EMG,-2,-1,2,-3,-2,-2,-2,-2
ORT,0.0976562,0.0269775,-0.872925,0.477295
EUL,0.0470549,0.197528,-2.13626
ACC,-0.185059,0.0463867,0.976074
GYR,3.125,-3.75,-0.25
EMG,-1,0,2,0,-5,0,1,1
EMG,0,5,1,2,2,0,-2,2
EMG,0,1,2,0,2,0,1,0
EMG,1,-4,-1,2,0,-1,0,-2
ORT,0.0973511,0.0258789,-0.873047,0.477112
EUL,0.0486575,0.19593,-2.13651
ACC,-0.181641,0.0551758,0.966309
GYR,4.375,-3.875,-1
EMG,1,0,-3,-5,0,4,-1,-1
EMG,0,6,-1,1,-1,-2,-1,-4
EMG,0,-2,-2,-1,0,-1,0,1
EMG,1,0,-2,0,-3,-1,2,2
ORT,0.0968628,0.0253296,-0.873291,0.476807
EUL,0.0490746,0.194559,-2.13729
ACC,-0.183594,0.0478516,0.963379
GYR,1.3125,-3.5625,-1.875
EMG,-2,0,2,1,0,1,2,-1
EMG,-2,-4,1,2,0,-1,-2,-1
EMG,-1,-3,-1,2,-2,-4,-1,3
EMG,-1,-2,-4,-3,0,-2,1,-3
ORT,0.0963745,0.0252075,-0.873596,0.476379
EUL,0.0487082,0.193609,-2.13842
ACC,-0.187988,0.0458984,0.967285
GYR,-0.1875,-2.9375,-3.125
EMG,4,0,-1,0,0,0,0,-1
EMG,3,-1,-3,0,1,0,-2,-2
EMG,-1,4,-2,0,-2,1,-2,1
EMG,5,-2,0,-3,1,-1,0,-4
ORT,0.0960693,0.0248413,-0.873962,0.475769
EUL,0.0489179,0.192751,-2.13983
ACC,-0.190918,0.0449219,0.96582
GYR,1.375,-2.625,-3.5625
EMG,1,-1,-2,0,0,-1,0,1
EMG,-5,-2,-1,0,-2,1,-3,1
EMG,-3,-1,-2,0,0,-2,0,-3
EMG,-3,-4,0,-1,-5,-1,-2,1
ORT,0.0960083,0.024353,-0.874268,0.475281
EUL,0.0496132,0.192204,-2.14097
ACC,-0.193848,0.0571289,0.966309
GYR,2,-2.125,-3.3125
EMG,-4,1,-1,-1,0,-2,-3,0
EMG,2,-3,-5,-4,-2,0,1,-2
EMG,-1,3,0,5,1,-3,2,-5
EMG,1,0,2,1,2,0,-2,-1
ORT,0.0957642,0.0241699,-0.874512,0.474854
EUL,0.0496019,0.191619,-2.14194
ACC,-0.193359,0.0512695,0.973145
GYR,0.375,-2.1875,-2.6875
EMG,1,3,-4,-2,-1,-2,1,0
EMG,2,-2,0,4,1,3,1,-4
EMG,-2,1,-1,-4,0,0,-3,-2
EMG,-2,0,-2,1,0,1,0,-1
ORT,0.095459,0.0241089,-0.874756,0.474426
EUL,0.0493146,0.191042,-2.14294
ACC,-0.194336,0.0424805,0.972168
GYR,0.0625,-2.25,-3
EMG,-3,0,-1,-3,0,-2,2,-1
EMG,1,1,0,0,1,-1,2,-5
EMG,1,-4,-1,1,-2,-1,-1,5
EMG,-2,-2,-1,-2,0,2,-2,-4
ORT,0.0952148,0.0238037,-0.875061,0.473938
EUL,0.0495065,0.190348,-2.1441
ACC,-0.189941,0.0512695,0.963379
GYR,0.5625,-2.4375,-3.0625
EMG,-4,0,-1,-1,-3,-3,0,-5
EMG,1,0,3,-3,-3,0,0,2
EMG,4,2,-4,0,0,-1,-2,-2
EMG,-1,1,-2,-5,-3,0,-2,-1
ORT,0.0948486,0.0238647,-0.875305,0.473633
EUL,0.0489674,0.189787,-2.145
ACC,-0.187012,0.065918,0.96875
GYR,-2.3125,-1.75,-2.6875
EMG,-4,-2,-2,4,3,-2,-1,0
EMG,1,-1,-3,-4,-2,-4,-3,1
EMG,1,-3,-1,-4,-1,4,-3,0
EMG,-3,-3,0,-2,-1,1,-3,-2
ORT,0.0946655,0.024353,-0.875427,0.473328
EUL,0.0478556,0.189939,-2.14568
ACC,-0.205078,0.0498047,0.972168
GYR,-3.0625,-1.0625,-2.1875
EMG,-1,-7,-1,-1,0,-1,-2,3
EMG,1,-1,-1,-2,-2,-2,-3,-1
EMG,0,-4,0,1,1,-4,3,-3
EMG,-2,3,-4,6,1,-4,2,3
ORT,0.0946655,0.0245361,-0.87561,0.473022
EUL,0.0474625,0.190136,-2.14646
ACC,-0.20752,0.0483398,0.974609
GYR,-0.5625,-0.8125,-2.0625
EMG,1,1,1,-3,-1,-2,2,-1
EMG,-2,-1,-2,3,1,0,1,-3
EMG,0,-1,-1,0,-5,0,1,1
EMG,-1,-1,2,-2,1,0,0,-1
ORT,0.0947876,0.0246582,-0.875732,0.472839
EUL,0.0473239,0.190486,-2.14697
ACC,-0.208008,0.0498047,0.978516
GYR,-0.625,-0.4375,-1.375
EMG,-1,-2,-1,-6,-2,-2,-3,-2
EMG,0,3,-2,4,0,-2,2,2
EMG,-4,0,1,-1,0,-1,-1,2
EMG,1,4,-3,2,-1,0,-1,-2
ORT,0.0947876,0.0252075,-0.875732,0.472717
EUL,0.0463241,0.191009,-2.14719
ACC,-0.210449,0.0385742,0.976074
GYR,-2.375,-0.125,-0.625
EMG,3,-2,-1,-3,1,0,-3,-3
EMG,-10,-7,3,-4,-5,1,2,5
EMG,2,-2,-2,-5,1,-4,-1,-2
EMG,2,1,0,-1,1,0,0,-12
ORT,0.0946045,0.0258179,-0.875793,0.472656
EUL,0.045045,0.191278,-2.14752
ACC,-0.197266,0.0253906,0.972656
GYR,-2.125,0.25,-0.625
EMG,-5,-2,4,3,-2,-3,-1,10
EMG,1,-2,-1,-3,3,1,2,-1
EMG,8,7,-1,1,2,4,-1,-13
EMG,-8,-5,3,-4,-6,1,-3,9
ORT,0.0945435,0.0258789,-0.875793,0.472656
EUL,0.0448768,0.191228,-2.14753
ACC,-0.180664,0.0170898,0.978027
GYR,-0.75,0.625,-0.75
EMG,-2,0,2,2,0,1,0,9
EMG,8,2,-4,4,1,-2,0,-11
EMG,-7,-1,-2,-3,-5,0,-4,0
EMG,-7,-5,-1,-1,-1,1,0,8
ORT,0.0944824,0.0262451,-0.875854,0.472534
EUL,0.0441393,0.191477,-2.14786
ACC,-0.177246,0.0268555,0.959961
GYR,-1.0625,1.1875,-0.8125
EMG,3,6,-6,-2,-1,3,-1,-7
EMG,-1,-2,1,2,1,-4,-1,-5
EMG,-7,-4,2,-2,-2,0,0,7
EMG,4,0,-3,-1,-2,-2,1,2
ORT,0.0942383,0.0269775,-0.875854,0.472534
EUL,0.0425982,0.191746,-2.148
ACC,-0.187012,0.0332031,0.953125
GYR,-3.75,0.875,-0.625
EMG,5,-1,0,2,1,1,-4,-12
EMG,-7,-1,1,-3,-2,0,0,4
EMG,2,0,-1,-1,1,1,-3,6
EMG,4,0,-1,1,2,1,4,-9
ORT,0.0940552,0.0283203,-0.875854,0.472473
EUL,0.0400194,0.192709,-2.14832
ACC,-0.206055,0.0205078,0.964355
GYR,-5.8125,1.125,-0.6875
EMG,-1,-1,0,2,-2,0,3,0
EMG,-2,0,0,-4,-2,2,-3,4
EMG,4,-4,-1,0,-1,-4,-1,-2
EMG,1,0,0,6,4,1,-3,-1
ORT,0.0939941,0.02948,-0.875854,0.472412
EUL,0.0378851,0.193713,-2.14861
ACC,-0.212402,0.0180664,0.969727
GYR,-4.625,1.375,-0.5
EMG,1,-1,-2,-3,-5,-1,-1,3
EMG,1,-2,-4,-4,1,2,-1,-2
EMG,0,2,-2,4,1,-2,3,-7
EMG,-2,1,0,-1,-3,-1,-1,0
ORT,0.0940552,0.0303345,-0.875793,0.472412
EUL,0.0364279,0.194633,-2.14864
ACC,-0.218262,0.0302734,0.973145
GYR,-4,0.9375,-0.3125
EMG,-7,-1,2,-7,-1,-2,-2,-1
EMG,7,0,0,4,1,-1,-2,-5
EMG,-4,-6,-2,-3,-2,-2,-6,5
EMG,3,-3,-1,-2,-2,-4,1,4
ORT,0.093811,0.0314331,-0.875793,0.472473
EUL,0.0342459,0.195259,-2.14881
ACC,-0.208984,0.0283203,0.974121
GYR,-5.75,0.625,-0.375
EMG,-1,0,1,4,-2,4,2,-3
EMG,-3,1,0,0,-3,-4,0,-2
EMG,-3,1,-2,-3,2,1,2,1
EMG,3,-1,-2,1,2,-2,-3,-2
ORT,0.0933838,0.0325928,-0.875732,0.472534
EUL,0.0317803,0.195606,-2.14883
ACC,-0.201172,0.0219727,0.980469
GYR,-6.625,0.5,0
EMG,0,-2,-1,-1,1,-2,-1,-3
EMG,0,-2,-2,2,-2,1,-3,4
EMG,0,1,0,3,-2,-1,1,-2
EMG,0,0,-1,-3,-1,-1,-2,-2
ORT,0.0929565,0.0336304,-0.87561,0.472778
EUL,0.029571,0.195836,-2.1485
ACC,-0.189941,0.0200195,0.970703
GYR,-5.6875,0.75,0.8125
EMG,-2,-1,3,-1,-1,-2,0,0
EMG,1,2,-4,-4,2,0,0,-1
EMG,0,0,2,3,-2,1,-2,-2
EMG,-3,0,1,2,5,-1,0,-2
ORT,0.0926514,0.0343628,-0.875488,0.473083
EUL,0.0280356,0.195996,-2.14805
ACC,-0.190918,0.0209961,0.984863
GYR,-4.375,0.625,1.5625
EMG,2,-4,-5,-2,-1,-4,-4,3
EMG,-1,-3,-1,-1,0,1,-4,0
EMG,-1,2,-3,-4,-5,-2,0,-3
EMG,2,0,3,4,0,2,1,2
ORT,0.0921631,0.0349121,-0.875305,0.47345
EUL,0.0266634,0.195646,-2.14734
ACC,-0.180176,0.0161133,0.989258
GYR,-3.8125,0.25,1.875
EMG,1,-2,-2,-2,-3,2,-1,0
EMG,1,2,-2,1,-2,-3,0,-4
EMG,0,-1,-2,3,2,0,-1,2
EMG,-5,-2,3,-6,-3,1,0,-2
ORT,0.0918579,0.0354614,-0.875183,0.473755
EUL,0.025454,0.19563,-2.14686
ACC,-0.185059,0.0185547,0.985352
GYR,-3.125,0.625,1.75
EMG,0,3,-2,1,3,-3,-1,-3
EMG,-3,3,1,0,-4,0,3,1
EMG,-1,-1,-1,-4,-2,2,1,1
EMG,-3,-2,-4,0,1,-4,-2,-2
ORT,0.0916138,0.0357666,-0.875,0.47406
EUL,0.024743,0.195478,-2.14617
ACC,-0.184082,0.0307617,0.980469
GYR,-2.9375,0.4375,1.6875
EMG,-1,1,-2,-2,-1,-1,0,-3
EMG,-7,-2,-2,-1,0,-1,0,0
EMG,0,-5,-1,-1,0,-3,1,-1
EMG,-1,1,-2,-2,-1,-2,-2,-1
ORT,0.0913086,0.0361938,-0.874939,0.474182
EUL,0.0237121,0.195344,-2.14598
ACC,-0.179199,0.0219727,0.980469
GYR,-2.8125,0.8125,0.625
EMG,-1,4,-1,1,-4,-3,0,-1
EMG,2,-2,-1,0,-2,0,0,1
EMG,-1,0,2,0,1,-1,-1,-1
EMG,-4,-3,-1,0,-3,0,-2,2
ORT,0.0911255,0.036377,-0.874939,0.474182
EUL,0.0232077,0.195194,-2.14602
ACC,-0.171875,0.0249023,0.983887
GYR,-1.8125,0.875,-0.375
EMG,-1,-3,0,-1,-2,-1,3,-1
EMG,-3,4,3,-4,0,0,-1,-1
EMG,4,-3,-1,0,-2,1,-2,-2
EMG,-1,2,-3,-5,-1,-3,-1,2
ORT,0.0908813,0.0366211,-0.875,0.47406
EUL,0.022508,0.194997,-2.14633
ACC,-0.172363,0.0253906,0.986816
GYR,-1.9375,1.0625,-1
EMG,-1,-3,4,5,0,0,-1,-1
EMG,-1,-4,-2,-4,0,2,-3,0
EMG,-2,-4,2,2,-2,-1,1,2
EMG,4,3,3,4,-1,2,2,-2
ORT,0.0906372,0.0368652,-0.875183,0.473877
EUL,0.0217879,0.194817,-2.147
ACC,-0.179199,0.0200195,0.987305
GYR,-1.8125,0.5,-1.6875
EMG,3,0,-1,-3,2,-1,-3,0
EMG,-1,-1,0,-3,0,-4,-2,-1
EMG,-1,2,-3,1,2,-1,0,2
EMG,3,0,0,0,-5,1,-1,-2
ORT,0.090271,0.0371094,-0.875305,0.473572
EUL,0.0209313,0.194399,-2.14764
ACC,-0.179688,0.0292969,0.987793
GYR,-2.4375,-0.125,-2.125
EMG,-1,-5,-1,2,3,-4,-4,1
EMG,0,-4,0,-2,-3,1,0,-1
EMG,-3,2,-1,-4,1,-2,2,-1
EMG,3,1,0,-4,-1,0,-1,-2
ORT,0.0899658,0.0373535,-0.875488,0.473328
EUL,0.0201411,0.194106,-2.14837
ACC,-0.186035,0.0244141,0.987305
GYR,-2.3125,-0.625,-2.1875
EMG,-3,1,0,2,1,-2,-2,2
EMG,-2,-2,1,-3,0,-3,0,0
EMG,-1,-3,-1,-7,-1,-3,-1,-1
EMG,0,-3,1,1,-1,-2,1,1
ORT,0.0897217,0.0373535,-0.875671,0.473022
EUL,0.0198341,0.19368,-2.14911
ACC,-0.194336,0.0219727,0.976562
GYR,-0.75,-1.125,-1.9375
EMG,1,-2,-2,-1,-1,1,2,-4
EMG,1,0,3,4,0,-4,0,-3
EMG,-1,1,-3,1,0,2,-1,1
EMG,0,0,-2,0,-2,-1,-4,2
ORT,0.0895386,0.0373535,-0.875854,0.472778
EUL,0.0195978,0.193368,-2.14979
ACC,-0.198242,0.0234375,0.97998
GYR,-0.625,-1.6875,-2.0625
EMG,0,1,-2,3,-2,0,1,0
EMG,1,2,-2,-4,-1,-2,-1,0
EMG,0,-2,0,-1,-2,-3,-1,2
EMG,-4,-1,1,4,1,-2,1,-1
ORT,0.0891113,0.0374756,-0.876038,0.472534
EUL,0.0189074,0.192738,-2.15049
ACC,-0.19873,0.0175781,0.98291
GYR,-1.5,-2.3125,-1.875
EMG,1,3,-1,-4,0,1,-3,-1
EMG,-2,-1,0,4,-2,2,4,0
EMG,0,1,-1,1,0,-4,-1,-5
EMG,3,-1,-3,-2,2,0,0,0
ORT,0.088501,0.0377197,-0.876221,0.472229
EUL,0.0178117,0.191893,-2.15127
ACC,-0.192383,0.0107422,0.982422
GYR,-2.125,-2.5625,-2
EMG,-5,-4,0,0,-3,2,1,-1
EMG,1,-3,0,-2,1,-2,-1,1
EMG,-1,3,1,1,-2,0,0,-1
EMG,2,0,0,0,-1,-3,0,-2
ORT,0.0880737,0.0377808,-0.876404,0.471985
EUL,0.0172314,0.191203,-2.15196
ACC,-0.193848,0.0078125,0.98584
GYR,-0.75,-2.375,-1.6875
EMG,-3,-3,1,-9,-2,-1,1,1
EMG,2,-2,0,0,0,3,-2,-4
EMG,-1,-5,-2,6,-1,1,-2,-1
EMG,-1,0,1,1,3,3,-3,0
ORT,0.0877075,0.0377197,-0.876526,0.471863
EUL,0.0169547,0.190503,-2.15235
ACC,-0.191895,0.0161133,0.982422
GYR,-0.625,-2.0625,-1.1875
EMG,0,-3,-2,-4,0,-3,-1,1
EMG,3,1,-3,-1,-1,0,0,-3
EMG,0,-2,-3,-2,0,-1,0,-2
EMG,-3,-2,-4,1,-1,-1,2,2
ORT,0.0872803,0.0378418,-0.876587,0.471802
EUL,0.0163085,0.189864,-2.15257
ACC,-0.183105,0.00830078,0.981445
GYR,-1.1875,-1.5,-0.5625
EMG,0,0,-1,2,-3,2,1,-3
EMG,-2,-1,-3,-1,-1,2,0,-4
EMG,4,2,1,-2,1,2,-1,2
EMG,-1,-4,-1,-2,-2,-4,-2,-1
ORT,0.0872192,0.0378418,-0.876587,0.471802
EUL,0.0162495,0.189755,-2.15256
ACC,-0.179199,0.00830078,0.981445
GYR,-0.375,-0.5625,-0.4375
EMG,4,-2,-4,-3,0,-2,1,-2
EMG,-3,-4,1,0,-2,-4,-1,3
EMG,0,0,-1,3,-2,1,-2,-4
EMG,2,-2,-4,-3,0,0,-2,-2
ORT,0.0872192,0.0378418,-0.876587,0.471802
EUL,0.0162495,0.189755,-2.15256
ACC,-0.182129,0.00585938,0.98291
GYR,0.9375,0,-0.375
EMG,0,3,1,1,1,-1,1,1
EMG,1,2,-1,1,-2,-3,-1,-1
EMG,-1,0,0,1,-1,-2,0,-2
EMG,2,0,0,-1,-4,-1,-1,1
ORT,0.0872192,0.0378418,-0.876587,0.471802
EUL,0.0162495,0.189755,-2.15256
ACC,-0.183594,0.0117188,0.97998
GYR,0.6875,0.4375,-0.75
EMG,-6,-1,-6,-1,0,3,0,0
EMG,1,0,-3,2,-1,0,-1,-2
EMG,-1,-1,-1,-1,1,-3,1,-3
EMG,1,2,-1,-1,2,0,0,-2
ORT,0.0870972,0.0380249,-0.876709,0.471619
EUL,0.0157632,0.18972,-2.15308
ACC,-0.18457,0.0102539,0.983398
GYR,-0.5625,0.3125,-1.375
EMG,3,-1,-1,0,-2,1,-4,-1
EMG,1,-1,-2,-2,-2,0,0,2
EMG,-2,0,0,2,-1,-4,0,1
EMG,-2,-4,-3,2,-3,1,5,-4
ORT,0.0870972,0.038147,-0.876831,0.471375
EUL,0.0154928,0.18984,-2.15365
ACC,-0.181641,0.0175781,0.981445
GYR,-0.75,0.625,-1.5625
EMG,-2,1,0,-2,-1,-2,2,2
EMG,-1,1,0,-5,1,2,-1,-2
EMG,3,-2,1,2,0,0,0,0
EMG,-3,0,1,1,0,0,-5,-1
ORT,0.0870361,0.038208,-0.876953,0.47113
EUL,0.0152723,0.189792,-2.1542
ACC,-0.184082,0.0175781,0.981934
GYR,-0.625,0.1875,-1.8125
EMG,1,6,-1,1,0,0,0,-5
EMG,1,-2,-3,-1,0,0,-2,-1
EMG,-1,0,0,-4,-1,0,1,-1
EMG,1,-1,0,-2,2,-1,0,1
ORT,0.0870361,0.038208,-0.877136,0.470825
EUL,0.0152039,0.189801,-2.15495
ACC,-0.19043,0.0166016,0.985352
GYR,0.125,-0.125,-1.9375
EMG,-2,0,2,-3,-1,1,0,1
EMG,-1,0,2,4,-1,-2,3,-1
EMG,3,-1,-3,-5,-4,0,0,0
EMG,-2,0,0,-3,-2,-1,0,-2
ORT,0.0870361,0.0380859,-0.877258,0.47052
EUL,0.0153581,0.189682,-2.15552
ACC,-0.193848,0.0180664,0.984375
GYR,0.5,-0.6875,-1.75
EMG,-2,-2,-1,-2,-6,-3,-3,-1
EMG,-5,-2,1,-2,1,-1,-4,0
EMG,0,-1,0,-1,1,1,-3,-1
EMG,-3,-1,1,-2,-2,-2,-1,2
ORT,0.0869141,0.0379639,-0.877441,0.470276
EUL,0.0154009,0.189361,-2.15618
ACC,-0.185547,0.0151367,0.987305
GYR,0.3125,-0.75,-1.8125
EMG,2,1,-2,-2,0,0,0,1
EMG,1,0,-3,-2,-2,1,-1,1
EMG,-1,-1,0,-6,-3,-2,0,1
EMG,-2,-1,-1,2,-2,-1,-3,-3
ORT,0.086731,0.0379028,-0.877563,0.470032
EUL,0.015281,0.188978,-2.15669
ACC,-0.187012,0.0180664,0.979492
GYR,0.125,-1,-1.6875
EMG,-3,-5,2,2,0,0,2,1
EMG,1,0,0,0,-4,-4,-1,0
EMG,-5,1,-1,-2,-1,0,-1,-1
EMG,2,2,0,-3,-2,2,-1,-2
ORT,0.0866699,0.0378418,-0.877747,0.469727
EUL,0.0152632,0.188819,-2.15743
ACC,-0.1875,0.00878906,0.973145
GYR,0.5,-0.875,-1.75
EMG,-1,-3,3,6,3,-1,2,-2
EMG,0,2,-3,2,-1,0,-1,-1
EMG,1,-3,3,-1,0,1,-3,0
EMG,3,0,-2,3,-1,0,0,-1
ORT,0.0866089,0.0377197,-0.87793,0.469421
EUL,0.0153544,0.188602,-2.15815
ACC,-0.189941,0.00195312,0.977539
GYR,1.375,-0.8125,-2.125
EMG,-1,-2,-2,-7,0,-1,-3,2
EMG,-2,0,0,3,2,-2,-1,-2
EMG,2,3,-2,0,-3,-2,0,-2
EMG,2,-1,-2,0,0,0,-2,-2
ORT,0.0866089,0.0377808,-0.878174,0.468933
EUL,0.0151406,0.188666,-2.15924
ACC,-0.188965,0.00878906,0.974609
GYR,0.5625,-0.0625,-3.0625
EMG,0,-4,0,1,0,-1,-2,-1
EMG,-3,-3,0,-2,1,1,2,1
EMG,1,0,-2,-3,4,-2,1,-2
EMG,-1,0,-2,0,1,0,3,-1
ORT,0.0865479,0.038147,-0.878418,0.468445
EUL,0.0143231,0.188912,-2.1604
ACC,-0.1875,0.00732422,0.967285
GYR,-1.25,0.375,-3.25
EMG,3,1,2,-5,-4,-2,-5,-2
EMG,1,0,0,-2,1,0,-1,-1
EMG,-5,0,-2,3,-2,-2,1,2
EMG,-5,-1,0,-3,-1,-3,-2,2
ORT,0.0865479,0.0386353,-0.878662,0.467896
EUL,0.0133348,0.189377,-2.16166
ACC,-0.197266,0.000976562,0.979492
GYR,-1.4375,0.875,-3.4375
EMG,4,2,-4,3,0,3,1,-3
EMG,-1,1,2,0,-3,-2,-2,0
EMG,-3,0,1,1,-3,0,4,2
EMG,-1,0,-2,-1,1,-1,-1,-2
ORT,0.086731,0.0390015,-0.878967,0.467407
EUL,0.0127452,0.190069,-2.16298
ACC,-0.19873,0.000976562,0.97168
GYR,-0.3125,0.9375,-3.375
EMG,1,3,-3,-1,1,-1,-1,-1
EMG,-1,-3,0,-7,-1,1,1,1
EMG,2,0,0,2,-4,-2,-2,-4
EMG,0,2,1,1,-1,0,1,-2
ORT,0.086792,0.0393677,-0.87915,0.46698
EUL,0.0120585,0.190525,-2.16394
ACC,-0.199707,0.00195312,0.979004
GYR,-0.8125,0.75,-2.75
EMG,0,0,-3,1,1,-2,-4,2
EMG,1,-1,-3,2,1,0,3,1
EMG,1,-1,0,-3,1,-3,-1,-1
EMG,-1,4,2,-3,-1,-1,0,-1
ORT,0.0869141,0.0397949,-0.879272,0.466675
EUL,0.0113469,0.191147,-2.16465
ACC,-0.206055,0.00537109,0.979004
GYR,-1.3125,0.4375,-1.6875
EMG,4,2,2,1,-2,1,3,-2
EMG,1,-1,-4,-3,-3,0,-2,0
EMG,-7,1,1,-2,2,0,-3,-4
EMG,-1,-4,-2,0,-1,-3,-2,2
ORT,0.086853,0.0401611,-0.879211,0.466675
EUL,0.0106384,0.191375,-2.16459
ACC,-0.208496,0.00292969,0.983398
GYR,-1.375,-0.375,-0.1875
EMG,-4,3,-3,4,-1,-1,2,-2
EMG,-4,-3,-2,-3,-1,-2,0,0
EMG,0,-1,-3,-2,-1,3,0,2
EMG,0,-1,-3,-3,-2,-1,-1,-2
ORT,0.0869141,0.0402832,-0.87915,0.466858
EUL,0.0105157,0.191604,-2.16429
ACC,-0.210938,0.000488281,0.978027
GYR,0,-1.1875,1.125
EMG,-1,1,-3,-1,-3,-2,-3,-2
EMG,3,0,-1,4,4,0,0,-1
ORT,0.086853,0.0402222,-0.878967,0.467224
EUL,0.0106464,0.191435,-2.16346
ACC,-0.203125,0.000976562,0.972656
GYR,0.4375,-1.5,2.6875
EMG,-6,-3,-1,-3,-1,0,-1,1
EMG,3,3,-1,-3,-4,1,0,0
EMG,0,-3,-2,-4,3,0,2,1
EMG,-5,0,3,0,-3,-2,1,-2
ORT,0.086792,0.0401611,-0.878662,0.467773
EUL,0.0108193,0.191258,-2.16214
ACC,-0.196289,0.00195312,0.968262
GYR,0.5,-1.1875,3.625
EMG,-1,-3,-2,2,-3,1,0,-1
EMG,-1,-1,-1,-2,0,1,-1,0
EMG,1,-6,3,1,-1,-1,-2,-1
EMG,1,0,1,-1,-3,-4,0,-1
ORT,0.086731,0.0401611,-0.878357,0.468384
EUL,0.0108937,0.191145,-2.16079
ACC,-0.197266,0.000976562,0.966309
GYR,-0.0625,-0.875,4
EMG,2,3,-3,3,2,-2,1,-1
EMG,-2,-1,-4,-1,-1,0,0,-2
EMG,-3,2,-3,-1,-4,1,1,-1
EMG,1,1,0,0,-1,0,-3,-2
ORT,0.0866699,0.0402832,-0.878113,0.468872
EUL,0.0107233,0.191149,-2.15973
ACC,-0.191406,0,0.969727
GYR,-0.1875,-0.3125,3.1875
EMG,0,0,-1,-1,1,0,-2,-2
EMG,-2,0,1,1,0,1,1,-2
EMG,-2,2,1,-1,3,0,-4,1
EMG,1,-2,-4,0,-1,0,1,-2
ORT,0.0866699,0.0404053,-0.877869,0.469238
EUL,0.0105899,0.191253,-2.1588
ACC,-0.190918,0.00683594,0.96875
GYR,-0.8125,0.4375,2.375
EMG,0,-3,-2,0,-1,0,0,1
EMG,2,-1,-1,1,2,-1,-3,1
EMG,1,-3,-1,-4,-2,0,-1,-2
EMG,-2,3,-1,0,-3,-4,-1,3
ORT,0.0866699,0.0407715,-0.877747,0.469482
EUL,0.0099889,0.191602,-2.15835
ACC,-0.191895,0.0102539,0.972168
GYR,-2.0625,0.6875,1.375
EMG,1,-1,-1,-7,-2,0,0,-1
EMG,-3,2,0,-4,0,-3,1,-2
EMG,4,1,-1,3,1,0,1,0
EMG,-3,-1,1,-1,1,0,1,0
ORT,0.0866089,0.0413208,-0.877625,0.469604
EUL,0.00898071,0.192007,-2.15805
ACC,-0.1875,0.0117188,0.97998
GYR,-3.3125,1.3125,0.375
EMG,-3,-6,-1,-2,0,-2,-1,-3
EMG,0,-4,1,-1,-2,-1,-1,-1
EMG,-1,-1,-3,-2,-3,1,4,1
EMG,-2,-2,1,-2,0,-4,-3,-2
ORT,0.0866699,0.0418701,-0.877563,0.469666
EUL,0.00807381,0.192636,-2.15798
ACC,-0.193848,0.012207,0.977051
GYR,-2.9375,1.4375,0.1875
EMG,0,1,-3,3,2,-4,-2,-1
EMG,-3,-2,1,-3,-2,2,4,-1
EMG,-4,-3,0,-1,-2,-5,-1,-2
EMG,-1,-3,-2,-1,1,3,-1,0
ORT,0.086792,0.0422363,-0.877563,0.469666
EUL,0.00753659,0.193205,-2.15807
ACC,-0.194824,0.0131836,0.985352
GYR,-1.75,1.4375,-0.1875
EMG,2,-1,-2,0,-2,1,0,-2
EMG,-4,-6,1,-2,-2,-1,-3,-1
EMG,-1,1,-4,-5,-1,-1,-1,-1
EMG,2,0,0,3,0,-1,0,0
ORT,0.0869141,0.0424805,-0.877563,0.469666
EUL,0.00721743,0.193657,-2.15814
ACC,-0.192871,0.015625,0.983398
GYR,-1.5,1.1875,-0.25
EMG,-1,-2,0,1,-2,2,1,1
EMG,-3,1,-2,-4,2,1,-3,0
EMG,-1,1,0,2,3,0,2,-2
EMG,-3,-1,-2,-1,-2,-1,-2,-1
ORT,0.0869141,0.0428467,-0.877502,0.469666
EUL,0.0065682,0.193996,-2.15808
ACC,-0.197266,0.00683594,0.990723
GYR,-2.0625,0.9375,-0.1875
EMG,-2,-3,1,-2,1,-1,-3,0
EMG,4,1,-2,3,-2,0,0,0
EMG,0,0,-1,0,-1,-1,-1,-1
EMG,-3,-4,-1,-4,-4,-1,-1,-2
ORT,0.086853,0.0432129,-0.877502,0.469666
EUL,0.00585505,0.194238,-2.15816
ACC,-0.194824,0.00488281,0.982422
GYR,-1.9375,0.5,-0.1875
EMG,2,1,0,0,-5,0,0,1
EMG,1,2,-1,2,0,2,-1,-2
EMG,2,1,1,-3,-1,-2,-2,0
EMG,-2,1,-4,2,3,2,2,-1
ORT,0.086731,0.0435791,-0.877502,0.469666
EUL,0.00508329,0.19437,-2.15825
ACC,-0.200684,-0.00195312,0.987793
GYR,-1.625,0,-0.3125
EMG,2,-2,0,-2,-3,-1,-1,0
EMG,-3,-2,1,0,0,-1,2,0
EMG,-1,-3,-2,0,-3,-2,0,2
EMG,-6,0,1,1,1,1,-3,-3
ORT,0.0866699,0.0438232,-0.877502,0.469727
EUL,0.00459905,0.1945,-2.15824
ACC,-0.200195,0.00146484,0.983398
GYR,-1.375,-0.25,0.25
EMG,-3,-1,-1,-1,1,-1,-1,-4
EMG,-1,-2,0,0,-2,-3,-2,2
EMG,-4,-1,0,-1,1,0,-1,-1
EMG,5,-1,0,0,-2,2,-1,-1
ORT,0.0865479,0.0441895,-0.87738,0.469849
EUL,0.00385974,0.194622,-2.15791
ACC,-0.204102,-0.00195312,0.973633
GYR,-1.6875,-0.5,0.625
EMG,-4,1,0,-2,-1,-2,3,2
EMG,-1,-4,-1,-3,-1,-1,-2,-2
