Attempting to find a Myo...
Connected to a Myo armband! Logging to the file system. Check your home folder or the folder this application lives in.

ORT,-0.501343,0.268311,-0.809875,-0.144348
EUL,-0.687038,-1.09627,-3.06446
ACC,0.883789,-0.287598,0.345215
GYR,-1.6875,0.875,0
ORT,-0.501099,0.268616,-0.809875,-0.144531
EUL,-0.687458,-1.09582,-3.06479
ACC,0.880371,-0.296875,0.358398
GYR,-1.875,0.75,-0.1875
ORT,-0.501038,0.268616,-0.809937,-0.144531
EUL,-0.687373,-1.09573,-3.06493
ACC,0.883301,-0.300293,0.367188
GYR,-0.5625,0.125,-0.4375
ORT,-0.501038,0.268616,-0.809937,-0.144531
EUL,-0.687373,-1.09573,-3.06493
ACC,0.896973,-0.286621,0.367188
GYR,-0.125,0,-0.5625
ORT,-0.500977,0.268555,-0.809875,-0.144958
EUL,-0.686197,-1.09585,-3.06656
ACC,0.898926,-0.261719,0.364746
GYR,-2.0625,0.375,-0.0625
ORT,-0.500793,0.268982,-0.809814,-0.145325
EUL,-0.686909,-1.09577,-3.06714
ACC,0.876953,-0.258789,0.346191
GYR,-4.125,0.9375,1.5
ORT,-0.500366,0.26947,-0.809937,-0.145081
EUL,-0.688519,-1.09454,-3.06594
ACC,0.853516,-0.29248,0.358398
GYR,-1.6875,0.4375,2.375
ORT,-0.500183,0.269226,-0.810303,-0.144348
EUL,-0.688636,-1.09368,-3.06449
ACC,0.856934,-0.311523,0.373535
GYR,3.8125,-0.9375,1.375
EMG,-2,4,3,-2,-1,-3,-2,-7
EMG,-6,2,1,-4,-3,-1,0,12
EMG,1,-2,-3,2,2,-1,3,-6
EMG,1,-2,-3,0,2,0,-1,-13
ORT,-0.500244,0.267944,-0.810852,-0.143188
EUL,-0.685827,-1.09294,-3.06354
ACC,0.863281,-0.315918,0.402344
GYR,9.6875,-3,-0.0625
EMG,-4,2,1,-3,-1,0,-1,9
EMG,-1,-1,-1,-1,-1,1,-1,-6
EMG,0,-4,-2,0,-1,-3,1,-7
EMG,-8,3,0,-5,-2,-3,-3,6
EMG,-1,-2,-2,1,1,0,2,4
EMG,6,-3,-3,1,-1,4,-1,-10
ORT,-0.500854,0.266602,-0.811096,-0.142395
EUL,-0.683127,-1.09387,-3.06299
ACC,0.879883,-0.287598,0.39502
GYR,8.625,-5.125,-0.8125
EMG,-2,1,2,-5,-6,2,-3,3
EMG,0,2,1,2,-1,-3,0,7
EMG,2,-4,-1,-1,-1,-1,3,-7
EMG,-1,0,1,-4,-1,-1,-2,-3
ORT,-0.501526,0.266235,-0.810913,-0.141785
EUL,-0.683986,-1.0949,-3.06058
ACC,0.888184,-0.29541,0.377441
GYR,3.125,-5.5625,0.125
EMG,-2,-1,2,-1,-1,-4,-1,7
EMG,2,0,0,-1,1,0,2,-3
EMG,1,0,-5,-1,-2,0,-5,-7
EMG,-1,1,1,-1,1,-1,-2,5
ORT,-0.502197,0.266052,-0.81073,-0.140747
EUL,-0.686352,-1.09556,-3.05629
ACC,0.885254,-0.31543,0.348145
GYR,4.9375,-4.8125,1.375
EMG,2,-1,-1,-1,0,-2,-6,1
EMG,4,-3,-3,3,1,3,0,-4
EMG,-2,-1,-1,1,-1,-2,-2,-1
EMG,-5,5,0,0,1,-1,-1,2
ORT,-0.502869,0.265137,-0.810913,-0.138916
EUL,-0.687322,-1.09566,-3.05109
ACC,0.885742,-0.328613,0.346191
GYR,11.5625,-4.1875,2.4375
EMG,1,0,-1,-3,2,1,0,-5
EMG,3,-4,-1,0,0,3,-1,-1
ORT,-0.503723,0.263367,-0.81134,-0.136963
EUL,-0.685565,-1.0963,-3.04725
ACC,0.896484,-0.301758,0.350098
GYR,15.375,-4,2.5625
ORT,-0.504517,0.261902,-0.811523,-0.13562
EUL,-0.68371,-1.09711,-3.04472
ACC,0.891113,-0.269531,0.351562
GYR,11.125,-4,1.8125
EMG,4,-3,-3,0,0,3,-2,-12
EMG,-4,1,3,-4,-2,-3,-3,-1
EMG,-6,2,2,-3,-4,2,-1,11
EMG,3,-6,1,1,-1,3,1,-9
EMG,-2,1,2,-2,-2,-3,-1,-6
EMG,-5,2,0,-1,-3,-2,-3,8
EMG,3,1,1,-3,-1,1,-2,-7
EMG,3,-4,-2,-2,1,-1,-4,-9
ORT,-0.505249,0.261292,-0.81134,-0.134888
EUL,-0.683948,-1.09811,-3.04226
ACC,0.890625,-0.274902,0.350586
GYR,4.9375,-4.3125,1.25
EMG,-4,1,0,-4,-1,-3,2,9
EMG,5,-5,-6,1,1,2,0,-2
EMG,1,-2,-3,4,4,2,1,-6
EMG,-3,2,-2,-4,-2,0,-1,4
ORT,-0.50592,0.260925,-0.811157,-0.134277
EUL,-0.684873,-1.09918,-3.03982
ACC,0.889648,-0.291992,0.347656
GYR,4.0625,-4.125,0.5
EMG,-9,-1,2,0,0,2,1,9
EMG,2,-4,-5,-2,-1,0,1,-5
EMG,0,-1,0,1,3,-4,1,-4
EMG,-2,-1,1,-3,-1,-3,3,6
ORT,-0.506714,0.259949,-0.811157,-0.133301
EUL,-0.684316,-1.10032,-3.03737
ACC,0.896973,-0.290039,0.342773
GYR,7.9375,-3.9375,0.375
EMG,3,-2,-4,0,1,3,-1,-2
EMG,4,0,-2,0,5,-2,-1,-8
EMG,-1,-1,-3,-3,-3,0,-3,2
EMG,1,-2,-4,-2,-1,-1,0,0
ORT,-0.507629,0.258667,-0.811157,-0.132324
EUL,-0.682771,-1.10173,-3.0354
ACC,0.904297,-0.274902,0.338379
GYR,9.5,-3.75,0.25
EMG,1,-2,0,4,1,-1,-1,-5
EMG,-2,0,-1,1,-7,1,-3,2
EMG,2,-4,-4,-3,2,-4,-1,0
EMG,0,0,-5,2,0,-4,-1,-2
ORT,-0.508484,0.257751,-0.810974,-0.131775
EUL,-0.681731,-1.10322,-3.03404
ACC,0.913086,-0.271484,0.337891
GYR,6.25,-3.125,-0.5
EMG,1,4,-3,-3,-4,-2,-3,-3
EMG,-3,-1,2,-1,-1,0,1,3
EMG,-2,1,-1,1,-1,-5,0,-3
EMG,2,-2,0,1,0,0,-3,0
ORT,-0.509216,0.257324,-0.81073,-0.13147
EUL,-0.681994,-1.10471,-3.03264
ACC,0.905273,-0.278809,0.32959
GYR,3.25,-2.75,-0.625
EMG,-2,-5,0,-1,3,0,1,2
EMG,1,-8,0,0,0,1,-1,-2
EMG,2,-5,-3,1,1,1,1,-6
EMG,1,0,-1,0,1,5,1,2
ORT,-0.509766,0.256958,-0.810547,-0.131287
EUL,-0.68192,-1.10586,-3.03184
ACC,0.901855,-0.282715,0.333984
GYR,2.5,-2.125,-0.75
EMG,1,-4,0,1,-4,1,3,0
EMG,2,2,-4,-2,0,-1,1,-2
EMG,-2,3,-1,1,-4,0,-1,-1
EMG,2,1,2,2,-2,0,-5,-2
ORT,-0.510315,0.256592,-0.810364,-0.131042
EUL,-0.681958,-1.10693,-3.03082
ACC,0.903809,-0.28418,0.330566
GYR,2.9375,-1.75,-0.875
EMG,-2,-6,-2,-2,-2,-3,0,-1
EMG,-4,-1,0,3,1,-1,-3,-2
EMG,1,-1,0,-3,1,-3,2,-1
EMG,-3,0,-4,-1,-1,-3,0,-2
ORT,-0.510742,0.256165,-0.810242,-0.13092
EUL,-0.681281,-1.10781,-3.03059
ACC,0.911133,-0.286621,0.338379
GYR,2.75,-1.4375,-1.4375
EMG,3,-2,-4,0,-4,3,-2,1
EMG,3,-2,3,0,0,-1,-1,-2
EMG,-1,-3,-4,-2,0,-3,-2,-1
EMG,-4,-1,1,0,-1,-1,1,2
ORT,-0.511108,0.255676,-0.810181,-0.130859
EUL,-0.680141,-1.10865,-3.03085
ACC,0.900391,-0.28418,0.345703
GYR,2.6875,-1.5,-1.875
EMG,0,2,-1,1,1,-4,-3,2
EMG,1,-2,-2,2,0,1,-3,-6
EMG,1,-1,-1,0,-3,3,-1,-1
EMG,2,-2,0,1,0,-1,-1,3
ORT,-0.511414,0.255249,-0.810059,-0.130981
EUL,-0.678731,-1.10936,-3.03164
ACC,0.897461,-0.270508,0.349609
GYR,1.4375,-1.4375,-1.9375
EMG,1,-2,-3,1,4,1,1,-6
EMG,-1,-3,1,-4,-5,-6,-1,-2
EMG,-4,0,0,-3,0,2,-2,4
EMG,-2,-2,-3,-4,-1,0,1,-4
ORT,-0.511719,0.255127,-0.809875,-0.131287
EUL,-0.67824,-1.11033,-3.0324
ACC,0.892578,-0.273926,0.346191
GYR,-0.625,-1.5,-1.75
EMG,6,2,0,-2,3,-2,-2,-7
EMG,-5,4,4,-1,0,-4,-1,5
EMG,0,-5,-1,0,-3,2,-3,4
EMG,4,-4,-5,0,1,-1,2,-12
ORT,-0.511902,0.255127,-0.809753,-0.13147
EUL,-0.678248,-1.11093,-3.03268
ACC,0.88916,-0.280762,0.346191
GYR,-0.375,-1.3125,-1.625
EMG,-4,-2,-1,-1,-2,-2,0,2
EMG,-5,0,2,-4,-3,-1,-1,6
EMG,0,-3,-3,-1,2,-1,3,-6
EMG,-3,0,2,0,-1,-1,0,-2
ORT,-0.512085,0.254883,-0.809692,-0.131409
EUL,-0.677702,-1.11124,-3.03267
ACC,0.888184,-0.282227,0.348145
GYR,1.3125,-1.125,-1.4375
EMG,-1,3,2,-4,-4,2,-5,6
EMG,6,0,-6,2,1,-1,1,-2
EMG,2,1,1,2,0,-3,0,-8
EMG,-6,2,2,-4,-1,-1,-2,8
ORT,-0.512329,0.2547,-0.80957,-0.131531
EUL,-0.677183,-1.11188,-3.03304
ACC,0.885742,-0.275391,0.334961
GYR,0.5625,-0.875,-1.375
EMG,-2,-6,-1,1,1,-2,1,3
EMG,-1,-5,-2,2,1,1,0,-7
EMG,0,1,1,-2,-2,2,-3,3
EMG,0,4,0,-2,-3,-2,1,6
ORT,-0.512451,0.254822,-0.809387,-0.131836
EUL,-0.677289,-1.11233,-3.0335
ACC,0.88916,-0.275879,0.340332
GYR,-1.4375,-0.6875,-1.4375
EMG,4,-3,-1,2,1,1,1,-7
EMG,-3,7,-3,-1,-1,-2,1,0
EMG,-4,2,2,0,0,-1,-3,4
EMG,4,0,0,0,-1,-3,-1,-4
ORT,-0.512573,0.255066,-0.809265,-0.132141
EUL,-0.677975,-1.11299,-3.0338
ACC,0.893066,-0.282227,0.342773
GYR,-2.0625,-0.625,-1.4375
EMG,-2,-1,0,-1,-1,-3,-1,-6
EMG,-4,-1,1,-2,-1,1,1,3
EMG,-1,-4,0,1,1,-2,1,2
EMG,3,-6,0,0,0,-1,-2,-7
ORT,-0.512634,0.255066,-0.809143,-0.132446
EUL,-0.677464,-1.11328,-3.03467
ACC,0.895508,-0.276367,0.348145
GYR,-1.25,-0.5625,-1.4375
EMG,-5,2,-2,1,-1,1,-1,4
EMG,1,3,4,1,-3,1,-1,3
EMG,3,1,-5,2,0,1,0,-1
EMG,-2,2,3,-1,-4,1,-3,0
ORT,-0.512756,0.255066,-0.809021,-0.13269
EUL,-0.67721,-1.11373,-3.03526
ACC,0.895508,-0.271973,0.344238
GYR,-0.9375,-0.6875,-1.3125
EMG,0,2,2,-4,1,-3,0,1
EMG,3,-5,-4,1,1,4,-2,-2
EMG,-1,-3,-5,1,-3,2,-3,-3
EMG,0,0,1,0,-1,0,-4,4
ORT,-0.512878,0.254944,-0.808899,-0.132935
EUL,-0.67643,-1.1141,-3.03609
ACC,0.895996,-0.268066,0.343262
GYR,-0.3125,-0.5625,-1.25
EMG,2,5,-1,1,0,0,2,1
EMG,3,-2,-5,2,2,-3,4,-7
EMG,1,-3,2,-3,-1,-2,1,-1
EMG,-6,-2,0,0,-3,-3,0,4
ORT,-0.512939,0.254883,-0.808899,-0.132935
EUL,-0.676316,-1.11429,-3.03615
ACC,0.901855,-0.265625,0.341309
GYR,0,-0.5,-1
EMG,5,-5,-1,-2,0,-2,1,-4
EMG,0,-4,0,2,-2,0,-1,-2
EMG,-2,2,4,0,-1,0,0,5
EMG,3,-4,-5,-1,4,0,0,-5
ORT,-0.512939,0.254883,-0.808899,-0.132935
EUL,-0.676316,-1.11429,-3.03615
ACC,0.902832,-0.273438,0.347168
GYR,-0.375,-0.5625,-0.9375
EMG,-4,-2,0,0,-2,-3,-5,-4
EMG,0,-1,0,-3,1,1,2,3
EMG,-1,1,0,-3,0,2,0,-1
EMG,1,-3,-4,3,1,0,-4,-3
ORT,-0.512939,0.254883,-0.808899,-0.132935
EUL,-0.676316,-1.11429,-3.03615
ACC,0.90625,-0.274414,0.349609
GYR,0.4375,-0.8125,-0.9375
EMG,-4,3,1,1,-3,2,-2,3
EMG,0,1,-3,-2,1,3,-2,3
EMG,0,0,-1,-2,-1,1,3,-4
EMG,-1,-1,2,-2,2,-1,1,1
ORT,-0.513123,0.254578,-0.808899,-0.132874
EUL,-0.675559,-1.11471,-3.03634
ACC,0.897949,-0.277344,0.351074
GYR,1.8125,-1.1875,-0.9375
EMG,-3,-4,-1,-2,0,-1,1,2
EMG,1,-1,-2,2,-2,1,-2,-3
EMG,0,-2,-3,1,-4,-1,-3,-3
EMG,0,-4,2,2,1,1,1,-1
ORT,-0.513367,0.254211,-0.808899,-0.132874
EUL,-0.674576,-1.11538,-3.03682
ACC,0.89502,-0.263672,0.345215
GYR,1.5,-1.25,-0.9375
EMG,1,0,-5,-3,2,-2,0,0
EMG,1,0,0,-2,2,0,1,-2
EMG,-2,-1,0,0,-4,-5,-1,1
EMG,0,3,-3,-1,-4,-2,2,-1
ORT,-0.513611,0.25415,-0.808716,-0.132996
EUL,-0.674522,-1.11596,-3.03687
ACC,0.888672,-0.269531,0.338379
GYR,-0.1875,-1.3125,-1
EMG,4,-3,-3,2,-1,2,0,-1
EMG,-1,1,4,0,2,-3,-2,0
EMG,-1,-3,-3,-2,-2,0,-2,0
EMG,1,1,-2,-2,0,0,0,-1
ORT,-0.513794,0.254333,-0.808533,-0.133179
EUL,-0.675261,-1.11653,-3.03669
ACC,0.885254,-0.274902,0.32666
GYR,-1.4375,-0.75,-0.875
EMG,3,-2,-3,1,1,2,0,-4
EMG,1,-2,-3,-2,-5,-1,0,0
EMG,2,-1,-2,2,3,0,0,-1
EMG,-4,-1,0,-3,-1,0,-1,-2
ORT,-0.513916,0.254639,-0.808228,-0.133423
EUL,-0.676159,-1.11673,-3.03639
ACC,0.89209,-0.274902,0.324219
GYR,-2.1875,-0.375,-0.9375
EMG,0,-2,0,0,-3,-3,0,-1
EMG,0,-3,-4,-3,1,-1,-2,-4
EMG,0,-1,1,1,1,-1,-3,-3
EMG,-2,-2,-2,-3,2,-2,2,-2
ORT,-0.513916,0.254883,-0.808105,-0.133789
EUL,-0.676436,-1.11702,-3.03705
ACC,0.895996,-0.273438,0.336914
GYR,-2.1875,0.125,-0.9375
EMG,2,-2,1,1,-4,2,0,0
EMG,4,-1,-2,0,3,1,-5,-2
EMG,1,-1,-1,1,-1,-3,3,-1
EMG,-2,0,-3,-6,2,-1,-3,1
ORT,-0.513855,0.255005,-0.808044,-0.134216
EUL,-0.675978,-1.11722,-3.03835
ACC,0.891113,-0.263672,0.34668
GYR,-2.5,0.25,-1.0625
EMG,-1,-2,-3,2,0,-3,-1,1
EMG,-3,-4,0,-5,-2,1,3,-2
EMG,-2,2,-3,0,1,2,-4,0
EMG,-1,0,-3,0,-3,-3,0,-1
ORT,-0.513672,0.255432,-0.807922,-0.134827
EUL,-0.676153,-1.11723,-3.03974
ACC,0.892578,-0.263184,0.349121
GYR,-4.5625,0.3125,-1
EMG,0,0,-4,-2,-1,0,-2,-2
EMG,-5,1,1,0,-3,-1,0,0
EMG,0,-1,1,-2,1,0,2,0
EMG,-2,-1,-2,2,1,1,-3,-1
ORT,-0.51355,0.256042,-0.807739,-0.135498
EUL,-0.677106,-1.11752,-3.04082
ACC,0.88916,-0.26416,0.342773
GYR,-5.1875,0.3125,-0.6875
EMG,-1,-2,1,-4,-2,-1,-4,0
EMG,-3,-1,0,-1,1,-1,3,1
EMG,2,-2,-2,-1,-1,0,-1,-5
EMG,1,0,-1,2,0,1,0,0
ORT,-0.513367,0.256592,-0.807617,-0.135864
EUL,-0.67826,-1.11732,-3.04106
ACC,0.898926,-0.278809,0.344238
GYR,-3.9375,0.1875,-0.25
EMG,0,3,0,-2,3,1,-2,1
EMG,-1,-1,-1,0,1,2,-1,-1
EMG,-2,0,0,-1,-1,0,0,-2
EMG,0,3,1,-2,-2,0,1,2
ORT,-0.513367,0.256592,-0.807617,-0.135803
EUL,-0.678372,-1.11725,-3.04083
ACC,0.904297,-0.287109,0.340332
GYR,-0.75,0.1875,-0.1875
EMG,-1,3,1,0,-2,-1,0,-1
EMG,0,-1,0,-1,-3,-5,-3,-1
EMG,-4,4,1,-3,-2,-2,1,-1
EMG,1,-2,1,-2,1,-1,-3,0
ORT,-0.513428,0.256348,-0.807678,-0.135498
EUL,-0.678075,-1.11711,-3.04024
ACC,0.911133,-0.293945,0.342285
GYR,2.5,-0.125,-0.25
EMG,-1,0,2,2,-1,0,-2,-4
EMG,0,1,1,-1,-4,0,-1,-2
EMG,-2,-5,-1,-1,-3,1,1,1
EMG,0,-1,1,1,-2,0,-1,-2
ORT,-0.513611,0.255798,-0.8078,-0.135254
EUL,-0.676699,-1.11745,-3.04045
ACC,0.905762,-0.275391,0.338867
GYR,3.6875,0.25,-0.625
EMG,-2,2,-1,-2,0,0,2,0
EMG,-3,2,-3,3,-4,-2,-2,1
EMG,0,0,0,-2,1,-5,-1,1
EMG,-3,-2,-1,-1,0,1,0,-2
ORT,-0.51355,0.255493,-0.807922,-0.135193
EUL,-0.675448,-1.11725,-3.0411
ACC,0.897461,-0.274414,0.345703
GYR,1.8125,0.3125,-0.5
EMG,-4,1,-2,-2,2,3,-2,1
EMG,-2,-3,0,-3,0,1,0,0
EMG,5,0,-2,1,1,-3,-3,-1
EMG,0,-2,2,0,-3,1,-2,-2
ORT,-0.51355,0.255493,-0.807983,-0.135193
EUL,-0.675504,-1.11739,-3.04118
ACC,0.89502,-0.28125,0.344727
GYR,-0.75,-0.0625,-0.1875
EMG,-1,-2,2,-1,-3,-2,-1,-1
EMG,0,1,0,1,3,0,-1,0
EMG,1,-2,2,-3,-1,3,1,-2
EMG,1,-2,-5,1,0,-1,1,2
ORT,-0.51355,0.255493,-0.807983,-0.135132
EUL,-0.675615,-1.11732,-3.04096
ACC,0.893066,-0.283203,0.342285
GYR,-0.4375,-0.0625,-0.1875
EMG,2,-1,-3,0,0,-3,-2,1
EMG,3,-3,-3,-1,-1,1,2,-1
EMG,1,-3,-2,-2,1,3,0,-1
EMG,-3,4,1,0,-2,-3,1,-2
ORT,-0.51355,0.255493,-0.807983,-0.135132
EUL,-0.675615,-1.11732,-3.04096
ACC,0.891113,-0.274902,0.341797
GYR,0.6875,-0.125,-0.1875
EMG,-1,-7,-2,0,0,-1,-2,-2
EMG,-1,2,2,0,-4,-2,-1,-1
EMG,-2,0,-3,-3,3,-2,-3,-1
EMG,3,-4,-1,2,1,1,-4,-2
ORT,-0.513611,0.255371,-0.807983,-0.135071
EUL,-0.675347,-1.1174,-3.04092
ACC,0.898438,-0.272949,0.340332
GYR,1,-0.5,-0.3125
EMG,-1,-2,1,-1,0,1,0,-1
EMG,0,-3,-3,-1,0,1,-2,0
EMG,1,1,2,2,-1,-4,-2,-1
EMG,0,-4,-1,0,2,-2,1,-1
ORT,-0.513672,0.255371,-0.807922,-0.135071
EUL,-0.675442,-1.11748,-3.04077
ACC,0.899902,-0.277344,0.336914
GYR,0.625,-0.375,-0.75
EMG,-2,1,2,-3,-6,0,1,1
EMG,-2,0,-1,0,2,-1,-2,0
EMG,-2,3,-1,-2,-3,-3,-2,-1
EMG,1,2,-4,-6,3,-1,0,-1
ORT,-0.513733,0.255127,-0.807983,-0.13501
EUL,-0.6747,-1.11763,-3.04107
ACC,0.898438,-0.273438,0.34375
GYR,1.25,-0.4375,-0.6875
EMG,2,2,1,1,-4,1,-3,2
EMG,-1,-2,0,1,0,-2,0,-1
EMG,-2,-8,-5,1,0,-3,3,0
EMG,-3,0,1,-2,-1,-1,0,0
ORT,-0.513855,0.254883,-0.807983,-0.134949
EUL,-0.674051,-1.11786,-3.04121
ACC,0.90332,-0.274414,0.345215
GYR,1.5,-0.5625,-0.625
EMG,0,-3,0,1,0,0,-2,-2
EMG,2,-2,-1,-3,0,-1,-3,-3
EMG,0,0,2,1,0,0,0,-1
EMG,2,0,-2,2,-3,2,-2,-1
ORT,-0.513916,0.254883,-0.807983,-0.134949
EUL,-0.674201,-1.11808,-3.04114
ACC,0.904785,-0.272949,0.335449
GYR,0.25,-0.5,-0.6875
EMG,3,-1,-3,0,1,-2,-1,0
EMG,-1,0,0,-1,-2,0,3,-1
EMG,-2,-5,-4,-1,-4,1,0,3
EMG,1,-1,-1,0,-3,-3,-1,-3
ORT,-0.513855,0.254883,-0.807983,-0.134949
EUL,-0.674051,-1.11786,-3.04121
ACC,0.906738,-0.275391,0.348145
GYR,0.4375,-0.625,-0.5
EMG,1,0,-4,2,0,1,-1,-3
EMG,2,-1,2,0,-1,-2,1,1
EMG,-1,2,-2,0,-1,3,2,-2
EMG,-2,-1,0,-2,-2,1,-1,-2
ORT,-0.513977,0.254639,-0.807983,-0.134949
EUL,-0.673291,-1.11816,-3.04159
ACC,0.893066,-0.263184,0.342285
GYR,1.0625,-0.375,-0.375
EMG,-4,-4,-3,1,1,2,2,1
EMG,3,-2,-6,-1,4,1,-1,0
EMG,3,-3,3,-1,1,4,0,-5
EMG,2,-3,-4,2,-2,0,-1,-1
ORT,-0.513977,0.254578,-0.807983,-0.134949
EUL,-0.673026,-1.11812,-3.04171
ACC,0.892578,-0.265137,0.34668
GYR,0.1875,-0.375,-0.1875
EMG,-1,1,0,-1,0,-2,-2,0
EMG,1,-3,-2,1,1,1,1,-2
EMG,1,2,-2,0,0,2,0,-1
EMG,-1,-3,1,-1,-1,-2,-1,4
ORT,-0.513977,0.254639,-0.807983,-0.134949
EUL,-0.673291,-1.11816,-3.04159
ACC,0.897949,-0.275879,0.339355
GYR,-0.375,-0.375,-0.1875
EMG,5,-3,1,-1,-1,0,0,-2
EMG,-1,-2,-1,-4,-2,-1,-1,2
EMG,-2,1,-1,-1,0,-1,-5,2
EMG,-3,1,3,0,-3,-3,2,2
ORT,-0.513977,0.254639,-0.807983,-0.134949
EUL,-0.673291,-1.11816,-3.04159
ACC,0.902344,-0.279785,0.338867
GYR,0.6875,-0.375,-0.5625
EMG,1,2,-2,1,1,0,0,-1
EMG,-2,2,3,2,-2,-1,-1,1
EMG,-1,-1,0,-3,0,-5,0,1
EMG,1,1,0,-1,2,0,-1,0
ORT,-0.514099,0.254272,-0.808044,-0.134888
EUL,-0.672168,-1.11846,-3.04207
ACC,0.903809,-0.270508,0.343262
GYR,1.75,-0.3125,-0.6875
EMG,1,0,1,1,-4,-3,3,-4
EMG,-4,2,0,-3,-4,2,-4,-1
EMG,-2,-1,-4,0,-1,1,-3,2
EMG,-2,-2,-3,0,-1,-1,0,-2
ORT,-0.514221,0.254089,-0.808044,-0.134888
EUL,-0.671672,-1.11879,-3.04232
ACC,0.902344,-0.26709,0.340332
GYR,1,-0.375,-0.4375
EMG,1,1,0,-1,3,-1,0,-4
EMG,-1,0,-1,-1,0,-1,1,1
EMG,1,-2,0,0,-4,2,3,-2
EMG,1,2,-1,-2,0,0,-2,0
ORT,-0.514221,0.254089,-0.807983,-0.134888
EUL,-0.671616,-1.11865,-3.04224
ACC,0.893555,-0.262207,0.338379
GYR,-0.25,-0.3125,-0.1875
EMG,0,1,-1,-1,-2,-2,-1,3
EMG,-1,2,3,3,0,0,0,-1
EMG,2,-1,0,-1,1,-2,-2,-1
EMG,-2,-1,-2,1,-2,4,2,1
ORT,-0.514221,0.254089,-0.807983,-0.134888
EUL,-0.671616,-1.11865,-3.04224
ACC,0.893555,-0.270996,0.337891
GYR,-0.0625,-0.25,-0.1875
EMG,-3,1,0,1,1,0,-1,-3
EMG,1,1,-2,-3,0,-3,-1,1
EMG,0,2,1,3,-2,-3,0,0
EMG,-1,-1,0,0,0,-2,-1,-4
ORT,-0.514221,0.254089,-0.807983,-0.134888
EUL,-0.671616,-1.11865,-3.04224
ACC,0.897949,-0.273926,0.339844
GYR,0.625,-0.3125,-0.125
EMG,0,1,-2,-6,0,-1,0,-2
EMG,-3,0,-4,-2,-3,-5,0,2
EMG,-2,-3,-5,-5,0,0,-4,-1
EMG,2,-2,2,-4,1,1,2,-1
ORT,-0.514221,0.254089,-0.808044,-0.134888
EUL,-0.671672,-1.11879,-3.04232
ACC,0.89502,-0.268555,0.345215
GYR,0.625,-0.3125,0
EMG,-1,-1,1,1,1,-6,-1,1
EMG,2,-3,0,-4,-1,0,-2,0
EMG,-1,0,0,-2,-4,0,1,-3
EMG,-2,0,-1,0,-1,3,-6,-4
ORT,-0.514221,0.254089,-0.808044,-0.134888
EUL,-0.671672,-1.11879,-3.04232
ACC,0.89502,-0.267578,0.34082
GYR,0.6875,-0.4375,0.0625
EMG,-4,-1,1,-3,-1,-1,1,2
EMG,-6,-3,0,-1,-1,1,-3,-2
EMG,0,-3,0,-1,-4,0,1,-3
EMG,2,-1,-5,-2,-4,-1,-3,2
ORT,-0.514282,0.253906,-0.808105,-0.134705
EUL,-0.671419,-1.11884,-3.04204
ACC,0.895996,-0.277344,0.351074
GYR,1.4375,-0.6875,-0.0625
EMG,-3,0,0,-2,-1,0,0,1
EMG,2,3,-4,0,-2,-2,-1,-3
EMG,-5,-1,-1,-1,0,1,-2,0
EMG,-2,0,-1,1,1,-1,-1,-2
ORT,-0.514343,0.253601,-0.808167,-0.13446
EUL,-0.670749,-1.11874,-3.0418
ACC,0.895508,-0.276367,0.348633
GYR,2.1875,-0.75,-0.0625
EMG,3,-2,-1,0,1,3,3,0
EMG,2,0,-2,-1,0,-1,0,-3
EMG,-1,0,3,1,0,-1,-3,0
EMG,0,0,-2,-3,-1,2,0,-2
ORT,-0.514526,0.253418,-0.808167,-0.134277
EUL,-0.670739,-1.11909,-3.0413
ACC,0.90332,-0.27002,0.338867
GYR,1.6875,-0.9375,-0.0625
EMG,-3,-3,-4,-3,0,-3,-2,-1
EMG,-1,-3,1,3,0,5,1,-1
EMG,1,-2,0,1,0,-3,-2,-1
EMG,0,1,2,0,0,-3,0,-3
ORT,-0.514526,0.253357,-0.808167,-0.134277
EUL,-0.670474,-1.11905,-3.04143
ACC,0.896484,-0.269043,0.339844
GYR,0.4375,-0.9375,0.1875
EMG,2,0,-2,2,-2,-1,-5,-2
EMG,1,-2,-1,-4,-1,0,-1,2
EMG,2,-1,-1,0,0,-2,3,-3
EMG,0,-3,-1,0,-1,-3,1,1
ORT,-0.514526,0.253418,-0.808167,-0.134277
EUL,-0.670739,-1.11909,-3.0413
ACC,0.904297,-0.273926,0.34375
GYR,0.375,-0.9375,0.375
EMG,-2,-1,0,0,-2,-1,0,0
EMG,-3,-1,1,2,0,-2,-1,1
EMG,1,2,-2,-1,0,1,-3,-2
EMG,-2,-2,2,1,-3,-1,0,1
ORT,-0.514709,0.253296,-0.808105,-0.134033
EUL,-0.671053,-1.11926,-3.04037
ACC,0.898926,-0.277832,0.336426
GYR,1.5,-1,0.125
EMG,2,1,-1,2,-4,-2,0,0
EMG,3,-1,-2,0,0,-1,-2,-3
EMG,-4,-2,0,-4,1,-1,-3,-1
EMG,1,5,0,0,-2,-1,-2,-1
ORT,-0.514893,0.25293,-0.808167,-0.133667
EUL,-0.670644,-1.11944,-3.03966
ACC,0.893555,-0.273926,0.348633
GYR,2.8125,-1.25,-0.0625
EMG,-1,-4,2,0,-1,2,-1,-1
EMG,0,-4,-2,1,0,0,-1,-2
EMG,0,-2,-2,-5,1,-1,0,2
EMG,2,-4,-1,1,-2,-1,1,0
ORT,-0.515076,0.252502,-0.808228,-0.133423
EUL,-0.669745,-1.11971,-3.03954
ACC,0.893555,-0.264648,0.34668
GYR,2.6875,-1.375,-0.1875
EMG,-2,2,0,1,-2,2,-1,-3
EMG,-1,1,-1,-3,0,0,0,-1
EMG,3,-4,-4,0,-2,0,0,0
EMG,3,-3,0,3,3,0,-4,0
ORT,-0.515381,0.252319,-0.808105,-0.133362
EUL,-0.669701,-1.12037,-3.03918
ACC,0.896484,-0.263184,0.336914
GYR,0.9375,-1.4375,-0.1875
EMG,-1,2,-2,-1,1,3,0,-1
EMG,0,1,-4,-3,0,-2,0,-2
EMG,1,-3,1,1,-1,-3,0,0
EMG,-4,-3,0,1,1,1,-1,0
ORT,-0.515503,0.252319,-0.808044,-0.13324
EUL,-0.670172,-1.12054,-3.03851
ACC,0.895996,-0.273926,0.342285
GYR,0.25,-1.3125,-0.1875
EMG,-2,-2,1,2,4,0,0,1
EMG,-2,-1,0,0,-2,2,-2,1
EMG,-4,-1,-4,2,-6,1,0,0
EMG,-2,1,1,0,1,-4,-1,-1
ORT,-0.515686,0.252136,-0.807983,-0.133057
EUL,-0.670111,-1.12075,-3.03792
ACC,0.901855,-0.272461,0.338867
GYR,1.4375,-1.125,-0.1875
EMG,-3,-1,-2,-1,-1,0,-1,-4
EMG,-3,-5,2,-1,-1,-1,1,-1
EMG,1,2,-3,-1,2,0,0,-1
EMG,0,-4,-5,-1,0,0,3,0
ORT,-0.51593,0.251831,-0.807983,-0.132874
EUL,-0.669726,-1.12126,-3.03761
ACC,0.900879,-0.27002,0.336914
GYR,2.25,-0.9375,-0.3125
EMG,2,2,-1,1,-3,-4,0,1
EMG,-1,1,1,-2,-2,-3,-1,-1
EMG,-1,-1,2,-2,1,0,-2,1
EMG,-2,2,-6,-2,-3,2,-2,-1
ORT,-0.516174,0.251587,-0.807922,-0.13269
EUL,-0.669551,-1.12166,-3.03709
ACC,0.901855,-0.269043,0.335938
GYR,1.875,-1,-0.25
EMG,2,-4,-2,-2,2,1,-2,-2
EMG,-1,-5,0,1,0,1,0,0
EMG,-1,-1,0,-2,0,-2,0,0
EMG,-1,-1,-1,-1,1,-2,-1,-2
ORT,-0.516357,0.251404,-0.807861,-0.132568
EUL,-0.669379,-1.12195,-3.03673
ACC,0.899902,-0.26709,0.334961
GYR,1.3125,-0.75,-0.375
EMG,1,1,-3,-3,-2,1,-2,0
EMG,0,1,-2,3,1,3,-4,-2
EMG,1,-3,-2,3,2,-1,0,-4
EMG,-4,-2,0,0,2,-1,0,0
ORT,-0.516357,0.251404,-0.807861,-0.132568
EUL,-0.669379,-1.12195,-3.03673
ACC,0.899414,-0.26709,0.336426
GYR,0.875,-0.75,-0.3125
EMG,-1,-3,-1,0,-5,-1,1,-1
EMG,0,2,1,-1,1,-3,-1,2
EMG,-1,2,-3,-2,-3,0,-1,-2
EMG,1,-3,-1,-4,-2,0,2,0
ORT,-0.516418,0.251404,-0.807861,-0.132568
EUL,-0.66953,-1.12217,-3.03666
ACC,0.902832,-0.262207,0.335449
GYR,0.5625,-0.5625,-0.25
EMG,-2,-2,-1,-2,-1,-3,-2,0
EMG,1,-1,0,0,0,0,-2,0
EMG,-2,4,1,-2,-1,1,-1,-1
EMG,-4,1,-4,-1,0,0,-1,1
ORT,-0.516418,0.251404,-0.807861,-0.132629
EUL,-0.669416,-1.12224,-3.03689
ACC,0.900391,-0.263184,0.332031
GYR,0.25,-0.4375,-0.1875
EMG,2,2,-1,-1,1,-1,-2,0
EMG,1,-6,-4,-2,-2,-1,2,-1
EMG,-2,2,-1,5,1,0,1,-1
EMG,1,0,0,0,-1,-3,0,-2
ORT,-0.516418,0.251404,-0.807861,-0.132629
EUL,-0.669416,-1.12224,-3.03689
ACC,0.905762,-0.268555,0.335449
GYR,0.3125,-0.25,-0.3125
EMG,2,-2,-1,1,1,0,-1,-2
EMG,-3,-2,-2,-4,-4,-4,-2,0
EMG,-3,-2,-1,-1,3,-3,-2,-1
EMG,0,1,2,-1,-1,-3,1,1
ORT,-0.516418,0.251404,-0.8078,-0.132629
EUL,-0.66936,-1.1221,-3.0368
ACC,0.90332,-0.269531,0.336426
GYR,0.4375,-0.0625,-0.125
EMG,-2,0,-1,-2,-2,0,-1,0
EMG,-1,5,0,1,2,-2,1,-1
EMG,1,-6,0,-4,0,-2,-2,0
EMG,1,-3,0,-2,-1,0,0,-1
ORT,-0.516479,0.251404,-0.8078,-0.132629
EUL,-0.669511,-1.12233,-3.03673
ACC,0.905273,-0.26123,0.332031
GYR,0.4375,0.0625,-0.1875
EMG,-2,1,-1,0,-4,-3,2,0
EMG,4,2,0,1,1,-2,1,-3
EMG,0,5,-1,0,-2,0,-1,0
EMG,3,-3,-5,0,2,0,-3,0
ORT,-0.516479,0.251404,-0.8078,-0.132629
EUL,-0.669511,-1.12233,-3.03673
ACC,0.899902,-0.264648,0.331055
GYR,0.4375,0.0625,-0.25
EMG,0,-2,1,-1,-1,-4,0,0
EMG,-3,-3,1,-3,-4,-1,0,0
EMG,-2,-1,0,3,2,2,-1,-1
EMG,2,1,-2,-3,-2,-2,0,-2
ORT,-0.516479,0.251404,-0.8078,-0.132629
EUL,-0.669511,-1.12233,-3.03673
ACC,0.897461,-0.270996,0.34375
GYR,0.25,0.125,-0.25
EMG,3,2,-3,-1,3,2,-1,-2
EMG,2,-2,-4,3,-1,1,0,-4
EMG,1,-2,-1,-2,-5,1,3,2
EMG,0,-3,0,1,-2,0,-2,-1
ORT,-0.516479,0.251404,-0.8078,-0.132629
EUL,-0.669511,-1.12233,-3.03673
ACC,0.900391,-0.27002,0.34082
GYR,0.3125,-0.0625,-0.25
EMG,-2,-3,3,0,0,-3,-1,-4
EMG,-2,3,0,-3,1,1,0,1
EMG,-2,-1,-3,-2,-2,3,-3,3
EMG,2,2,0,1,-3,0,2,-2
ORT,-0.516479,0.251404,-0.8078,-0.132629
EUL,-0.669511,-1.12233,-3.03673
ACC,0.899414,-0.271484,0.334473
GYR,0.25,0,-0.4375
EMG,-4,0,-1,6,-1,-2,0,1
EMG,-2,-2,-4,-1,0,-3,2,1
EMG,2,0,-2,2,2,-5,2,-1
EMG,-1,-1,1,2,-2,0,-1,0
ORT,-0.516479,0.251404,-0.8078,-0.132629
EUL,-0.669511,-1.12233,-3.03673
ACC,0.891602,-0.26709,0.333008
GYR,0.125,0,-0.375
EMG,-3,-1,-1,0,-1,2,-2,0
EMG,-1,-6,-2,0,-2,1,-3,0
EMG,0,-5,-2,-1,-4,-3,-1,-3
EMG,-1,3,0,-4,2,-2,4,-1
ORT,-0.516479,0.251404,-0.8078,-0.132629
EUL,-0.669511,-1.12233,-3.03673
ACC,0.899414,-0.269043,0.340332
GYR,0.1875,-0.0625,-0.25
EMG,3,2,-1,-3,0,0,0,-3
EMG,3,2,0,4,2,-3,1,-4
EMG,-5,-1,0,-4,-2,0,1,1
EMG,3,-2,-1,0,-1,1,-1,-3
ORT,-0.516479,0.251404,-0.8078,-0.132629
EUL,-0.669511,-1.12233,-3.03673
ACC,0.901367,-0.268066,0.34082
GYR,0.625,0.0625,-0.25
EMG,0,-3,0,-4,1,1,-2,0
EMG,1,3,1,-1,-2,0,-1,-4
EMG,1,0,-3,-2,-3,1,0,0
EMG,0,-1,-4,1,1,-1,2,-3
ORT,-0.516479,0.251404,-0.8078,-0.132629
EUL,-0.669511,-1.12233,-3.03673
ACC,0.897949,-0.264648,0.333008
GYR,0.75,0.125,-0.1875
EMG,1,-1,-2,-3,-1,-2,-2,0
EMG,-2,-3,-4,3,3,2,-4,1
EMG,0,-5,0,2,3,0,2,-2
EMG,-3,-6,-4,2,-2,1,-1,-3
ORT,-0.516541,0.251404,-0.8078,-0.132629
EUL,-0.669662,-1.12255,-3.03666
ACC,0.896973,-0.262695,0.331055
GYR,0.0625,0.1875,-0.25
EMG,2,-1,0,-5,-2,2,1,0
EMG,2,-1,2,-4,-1,-1,-1,0
EMG,-3,1,-3,1,-3,1,-2,-3
EMG,-3,0,-1,-2,2,1,-1,1
ORT,-0.516541,0.251404,-0.807739,-0.132629
EUL,-0.669607,-1.12241,-3.03658
ACC,0.903809,-0.263672,0.334961
GYR,0,0.0625,-0.1875
EMG,-1,3,-2,4,-2,1,0,4
EMG,0,0,-2,-4,-4,-2,1,0
EMG,3,2,4,-1,1,-3,-1,-3
EMG,1,-5,-3,-5,0,-1,0,1
ORT,-0.516541,0.251343,-0.807739,-0.132629
EUL,-0.669341,-1.12237,-3.03671
ACC,0.901367,-0.257324,0.338379
GYR,0.5,0.125,-0.25
EMG,0,-1,-1,-6,0,1,0,-2
EMG,-1,-3,-5,-2,2,-3,0,-1
EMG,-1,-2,-1,0,-3,-2,-2,4
EMG,-2,0,0,0,0,-3,-1,2
ORT,-0.516541,0.251343,-0.807739,-0.13269
EUL,-0.669227,-1.12244,-3.03693
ACC,0.897461,-0.25293,0.338379
GYR,0.375,0.25,0.0625
EMG,-1,-1,1,-2,-3,-4,-2,-4
EMG,1,5,2,-1,-1,-1,-3,-1
EMG,1,-1,1,0,0,-4,-2,1
EMG,2,-1,1,1,-1,1,-1,-2
ORT,-0.516541,0.251343,-0.807739,-0.13269
EUL,-0.669227,-1.12244,-3.03693
ACC,0.897461,-0.266113,0.337891
GYR,-0.625,0.1875,0.1875
EMG,-2,-3,-3,3,-3,-2,-1,-2
EMG,-4,3,1,-2,-2,-2,1,2
EMG,-2,-2,-1,1,-1,0,3,-2
EMG,0,4,-1,-2,0,-3,0,1
ORT,-0.516541,0.251343,-0.807739,-0.13269
EUL,-0.669227,-1.12244,-3.03693
ACC,0.907715,-0.280762,0.337402
GYR,-0.625,0,-0.25
EMG,1,-1,2,3,0,-6,0,-2
EMG,-1,0,-4,1,1,-3,-2,-1
EMG,4,-3,-2,-3,-3,2,1,-1
EMG,-3,0,-2,-1,0,-1,0,-1
ORT,-0.516541,0.251343,-0.807739,-0.13269
EUL,-0.669227,-1.12244,-3.03693
ACC,0.906738,-0.26709,0.345215
GYR,0.5625,0,-0.5625
EMG,-4,0,0,-2,2,0,0,0
EMG,-2,2,1,0,-5,-1,-1,-1
EMG,-4,-2,1,-1,0,-2,-1,0
EMG,-1,2,1,-1,-3,2,-4,-1
ORT,-0.516541,0.251282,-0.807739,-0.13269
EUL,-0.668961,-1.1224,-3.03706
ACC,0.901855,-0.260742,0.347168
GYR,0.5625,-0.25,-0.125
EMG,-3,-2,-2,4,1,-1,-2,-3
EMG,0,-5,2,-3,-1,-2,-4,-2
EMG,1,-2,-4,-1,-3,0,-2,-1
EMG,1,-1,0,-1,-1,2,2,0
ORT,-0.516541,0.251404,-0.807739,-0.132812
EUL,-0.669265,-1.12262,-3.03725
ACC,0.897949,-0.26123,0.339844
GYR,-1.1875,-0.0625,0
EMG,0,-4,-4,-4,1,-1,1,4
EMG,-2,-1,2,0,2,-1,-1,-1
EMG,-1,4,0,-1,0,1,-2,2
EMG,3,1,1,0,-2,-3,-3,-2
ORT,-0.516541,0.251404,-0.807739,-0.132812
EUL,-0.669265,-1.12262,-3.03725
ACC,0.896484,-0.270508,0.337891
GYR,-0.875,0.125,0.0625
EMG,4,2,-4,0,-1,2,2,0
EMG,-1,0,-2,-4,0,-2,2,0
EMG,-3,2,-1,0,3,0,1,-2
EMG,-1,-1,-2,-2,1,-2,0,-2
ORT,-0.516541,0.251404,-0.807739,-0.132812
EUL,-0.669265,-1.12262,-3.03725
ACC,0.895508,-0.266602,0.338379
GYR,-0.1875,0.1875,0.125
EMG,-4,-4,0,1,0,4,-1,3
EMG,4,-2,-2,2,-2,-1,-2,2
EMG,2,-6,-2,-4,2,1,0,-4
EMG,-2,-3,-2,0,1,0,-1,-1
ORT,-0.516541,0.251404,-0.807739,-0.132812
EUL,-0.669265,-1.12262,-3.03725
ACC,0.895996,-0.265137,0.335938
GYR,-0.625,0.3125,0
EMG,-1,-1,-4,-1,-1,0,-2,0
EMG,-2,-3,-6,-1,-1,3,1,-1
EMG,-3,1,1,-1,-2,-6,-3,-2
EMG,-4,1,4,1,1,2,1,1
ORT,-0.516479,0.251648,-0.807678,-0.132996
EUL,-0.669781,-1.12261,-3.0374
ACC,0.89502,-0.26709,0.335938
GYR,-1.75,0.5,-0.125
EMG,-2,-3,0,-4,-1,0,2,0
EMG,0,-6,1,2,-2,-1,0,1
EMG,0,-1,0,2,-3,0,0,2
EMG,2,-3,0,-2,-3,0,-1,-1
ORT,-0.516357,0.251892,-0.807617,-0.133179
EUL,-0.670146,-1.12237,-3.03761
ACC,0.895996,-0.270508,0.334473
GYR,-1.5625,0.5625,0
EMG,1,1,1,-1,-1,-3,-2,-3
EMG,4,1,-3,-1,-3,1,0,1
EMG,-1,-4,0,-1,0,0,0,-2
EMG,2,-1,-1,3,-1,1,1,-3
ORT,-0.516357,0.251892,-0.807617,-0.133179
EUL,-0.670146,-1.12237,-3.03761
ACC,0.904297,-0.268555,0.336914
GYR,-0.6875,0.5625,0.0625
EMG,-3,-5,-1,0,1,0,-3,-1
EMG,1,0,-4,-2,0,1,-5,1
EMG,4,3,-4,-2,0,4,0,1
EMG,0,0,0,0,-3,1,-2,-4
ORT,-0.516357,0.251892,-0.807617,-0.133179
EUL,-0.670146,-1.12237,-3.03761
ACC,0.905762,-0.267578,0.342773
GYR,-0.5625,0.5625,0.0625
EMG,2,1,-1,-2,-4,-1,0,1
EMG,-1,0,1,-1,1,2,2,-4
EMG,2,-1,-2,1,0,0,1,-5
EMG,1,-1,-3,-1,2,4,1,3
ORT,-0.516357,0.251892,-0.807617,-0.133179
EUL,-0.670146,-1.12237,-3.03761
ACC,0.902832,-0.265137,0.342773
GYR,-0.8125,0.8125,0.125
EMG,-1,-4,0,1,-4,-2,2,-2
EMG,1,1,-1,0,0,0,1,-2
EMG,-1,-1,-2,0,1,-1,0,-4
EMG,-2,1,-4,0,-1,-2,2,1
ORT,-0.516235,0.252075,-0.807617,-0.133301
EUL,-0.670415,-1.12217,-3.03782
ACC,0.899414,-0.26709,0.337891
GYR,-1.3125,0.75,0.375
EMG,-1,-3,-2,3,2,1,-5,-3
EMG,-5,-2,-2,-3,1,-1,-2,-4
EMG,0,1,-3,2,1,-1,2,2
EMG,-1,0,0,-2,-3,-1,-1,0
ORT,-0.516052,0.252258,-0.807678,-0.133423
EUL,-0.670588,-1.12189,-3.03818
ACC,0.898926,-0.271973,0.343262
GYR,-1.5625,0.75,0.1875
EMG,2,-1,-1,-4,-3,1,0,0
EMG,-4,-3,0,3,-2,1,2,4
EMG,-1,1,0,-2,2,-3,-2,0
EMG,3,-3,1,-2,-5,0,-5,-1
ORT,-0.51593,0.252441,-0.807678,-0.133484
EUL,-0.670971,-1.12162,-3.03815
ACC,0.899902,-0.273438,0.339355
GYR,-1.0625,0.625,0.1875
EMG,-2,1,-1,0,-1,-1,1,-1
EMG,3,0,1,3,-2,-3,0,-3
EMG,-3,-1,-3,-2,-3,0,2,0
EMG,1,2,-5,-1,0,-2,1,-1
ORT,-0.51593,0.252441,-0.807678,-0.133484
EUL,-0.670971,-1.12162,-3.03815
ACC,0.901855,-0.268555,0.342285
GYR,-0.8125,0.625,0.0625
EMG,-2,2,-3,0,2,0,-3,1
EMG,1,0,2,-2,-1,-2,0,1
EMG,-4,2,-1,1,-3,-1,-4,-1
EMG,-3,-1,3,-2,4,1,-1,-1
ORT,-0.515686,0.252625,-0.807739,-0.133606
EUL,-0.670994,-1.12111,-3.03858
ACC,0.894531,-0.268066,0.348633
GYR,-1.5,0.625,0.0625
EMG,-2,5,1,-2,-1,1,1,-1
EMG,-3,-1,0,2,1,-3,-3,1
EMG,-1,-2,-1,0,-1,-3,-2,0
EMG,-3,3,-1,-1,-2,-4,-2,1
ORT,-0.515564,0.252869,-0.807739,-0.133728
EUL,-0.671529,-1.12095,-3.03866
ACC,0.900879,-0.274414,0.342773
GYR,-1.375,0.5,0.1875
EMG,4,-1,0,2,1,0,1,-2
EMG,1,-3,-2,-2,1,0,3,0
EMG,0,-3,5,-2,0,-2,0,1
EMG,1,0,-2,-4,0,0,-1,-1
ORT,-0.515564,0.252869,-0.807739,-0.133728
EUL,-0.671529,-1.12095,-3.03866
ACC,0.897461,-0.275391,0.342773
GYR,-0.375,0.375,0.125
EMG,-1,0,0,0,-2,-7,1,-2
EMG,-3,0,-3,-3,-1,-1,-2,-1
EMG,0,-1,0,-3,-5,2,-1,-1
EMG,0,0,-6,-3,-3,-2,-3,-1
ORT,-0.515564,0.252869,-0.807739,-0.133728
EUL,-0.671529,-1.12095,-3.03866
ACC,0.896484,-0.269043,0.337402
GYR,0.125,0.5,0
EMG,-1,1,-1,0,-1,0,3,2
EMG,-3,2,2,0,-1,-1,-1,1
EMG,2,2,-5,0,-4,-3,-1,-3
EMG,0,-2,2,3,3,1,0,0
ORT,-0.515564,0.252869,-0.807739,-0.133728
EUL,-0.671529,-1.12095,-3.03866
ACC,0.901367,-0.271973,0.331543
GYR,-0.1875,0.625,0.0625
EMG,-1,3,-1,-2,-3,2,-5,1
EMG,-5,0,0,0,-2,1,-3,0
EMG,0,-1,0,-2,1,0,1,-2
EMG,-3,1,2,-5,-2,-3,-1,0
ORT,-0.515442,0.25293,-0.8078,-0.133728
EUL,-0.671549,-1.12068,-3.03875
ACC,0.896973,-0.270508,0.333984
GYR,-0.375,1,0.0625
EMG,1,-6,0,-2,-2,0,-1,-1
EMG,2,3,0,2,-4,-2,1,-4
EMG,0,2,-1,3,5,-1,-2,2
EMG,-1,-1,3,-2,-2,1,-1,0
ORT,-0.515381,0.252991,-0.807861,-0.133789
EUL,-0.671607,-1.1207,-3.039
ACC,0.899902,-0.268555,0.327637
GYR,-0.25,1.375,0.1875
EMG,0,1,-2,0,3,0,1,-3
EMG,-1,0,-1,-3,-4,-1,-2,-3
EMG,-3,-3,0,-1,1,1,0,-1
EMG,-5,0,0,1,-1,-1,-3,3
ORT,-0.515137,0.25293,-0.807983,-0.133972
EUL,-0.670512,-1.12026,-3.04026
ACC,0.904297,-0.265625,0.340332
GYR,-0.4375,1.75,0.0625
EMG,4,-1,-1,0,2,-2,1,-2
EMG,2,2,-3,-5,1,1,1,2
EMG,0,0,-4,-2,-2,-3,-2,0
EMG,-2,-2,-4,1,1,1,-1,1
ORT,-0.514893,0.253052,-0.808044,-0.134277
EUL,-0.669934,-1.11993,-3.04149
ACC,0.908203,-0.258789,0.336914
GYR,-1.625,2.125,0.125
EMG,-2,-1,1,-1,-4,-3,-1,1
EMG,4,-3,-2,0,3,0,-4,-1
EMG,-1,1,-2,-4,2,-1,1,-1
EMG,-2,-2,-4,0,-3,-1,-2,0
ORT,-0.514587,0.253296,-0.808105,-0.134644
EUL,-0.669626,-1.11952,-3.04276
ACC,0.901855,-0.258301,0.333008
GYR,-2.8125,2.625,0.3125
EMG,-3,0,-2,0,1,-1,-2,-1
EMG,2,0,-3,-1,2,-3,3,-4
EMG,-1,2,0,-1,-4,1,-3,-2
EMG,1,-1,2,1,2,2,-2,-3
ORT,-0.51416,0.253662,-0.808167,-0.13501
EUL,-0.669553,-1.11873,-3.04391
ACC,0.897949,-0.260742,0.330566
GYR,-2.9375,3.1875,0.4375
EMG,-1,-2,1,-2,0,2,-1,0
EMG,0,-3,4,0,-1,0,-2,-2
EMG,-3,0,3,-5,-3,-4,-2,-1
EMG,-2,-1,1,-3,-1,-2,2,-1
ORT,-0.513611,0.253967,-0.80835,-0.135376
EUL,-0.669034,-1.11775,-3.04549
ACC,0.896484,-0.266113,0.338867
GYR,-2.6875,3.5,0.6875
EMG,-3,-1,1,-2,-1,0,-2,-1
EMG,0,4,-1,0,2,-2,-3,-2
EMG,2,1,-1,0,1,0,0,1
EMG,-1,1,-5,0,-2,-2,-1,-1
ORT,-0.513062,0.254211,-0.808594,-0.13562
EUL,-0.668536,-1.11673,-3.04682
ACC,0.898438,-0.27002,0.348633
GYR,-2.1875,3.25,0.5625
EMG,-1,0,-2,1,-1,-1,1,-3
EMG,0,-3,-1,0,-3,0,1,2
EMG,1,-2,0,1,2,-1,-2,0
EMG,1,0,-3,1,0,0,-1,-3
ORT,-0.51239,0.254395,-0.808899,-0.135925
EUL,-0.66743,-1.11543,-3.04873
ACC,0.894043,-0.270508,0.361816
GYR,-2.1875,3,0.25
EMG,1,0,1,-1,0,0,0,-1
EMG,-3,-4,-4,2,0,0,-1,3
EMG,0,-3,-1,1,0,-3,-1,-3
EMG,2,-2,-1,1,1,1,0,-1
ORT,-0.511841,0.254639,-0.809143,-0.136169
EUL,-0.666945,-1.11441,-3.05005
ACC,0.890625,-0.275391,0.36084
GYR,-2.1875,2.4375,0.3125
EMG,-1,-4,-2,0,-4,0,0,-1
EMG,0,-3,-1,0,-1,5,1,-1
EMG,0,-3,0,-1,-2,-1,0,-1
EMG,-1,-3,-2,2,-1,-1,-5,1
ORT,-0.511353,0.254944,-0.809326,-0.136414
EUL,-0.666818,-1.11352,-3.0511
ACC,0.895508,-0.277344,0.366211
GYR,-2.375,1.75,0.375
EMG,3,0,-1,-1,-1,1,-4,0
EMG,-3,-1,-2,-2,-4,-3,1,-2
EMG,-1,1,0,0,-2,0,-1,-3
EMG,-1,2,-1,-5,1,1,4,0
ORT,-0.510864,0.255188,-0.809509,-0.136475
EUL,-0.666765,-1.11237,-3.05161
ACC,0.890137,-0.283203,0.366699
GYR,-1.8125,1.25,0.3125
EMG,1,-2,-2,4,2,-3,-1,-4
EMG,-2,-2,-1,-6,0,-1,0,-1
EMG,1,0,0,-1,1,1,-4,4
EMG,3,-1,2,3,-1,-3,-3,-2
ORT,-0.510803,0.255188,-0.80957,-0.136475
EUL,-0.666675,-1.11229,-3.05175
ACC,0.885254,-0.286133,0.363281
GYR,-0.875,0.6875,0.375
EMG,-4,2,-3,-3,-1,1,1,-2
EMG,-4,-1,3,-3,-2,-5,-4,0
EMG,-3,-3,-2,-1,-2,4,0,-1
EMG,-1,2,1,-2,0,-1,-1,-2
ORT,-0.510803,0.255188,-0.80957,-0.136475
EUL,-0.666675,-1.11229,-3.05175
ACC,0.88916,-0.28125,0.356934
GYR,-0.1875,0.1875,0.375
EMG,-4,2,0,0,-1,-2,-3,-1
EMG,-2,0,-1,-3,-3,0,-1,-4
EMG,0,2,-1,0,0,-1,1,-1
EMG,-3,-4,-2,-1,1,-1,2,-2
ORT,-0.510742,0.255249,-0.809631,-0.136475
EUL,-0.666848,-1.11225,-3.05177
ACC,0.888672,-0.282227,0.357422
GYR,-0.375,-0.125,0.25
EMG,-2,2,1,-3,1,0,-2,0
EMG,2,0,-1,-1,0,1,0,-1
EMG,-2,2,-1,1,-2,-3,0,-1
EMG,1,-3,-1,-1,-2,2,1,0
ORT,-0.510681,0.255249,-0.809631,-0.136414
EUL,-0.666814,-1.11195,-3.05162
ACC,0.887695,-0.282715,0.359375
GYR,0.4375,-0.4375,0.25
EMG,1,-3,0,3,-3,-3,-1,1
EMG,-1,0,0,3,-1,-1,-1,-2
EMG,1,-3,1,-4,-1,-2,-1,-3
EMG,3,3,0,3,0,-2,1,1
ORT,-0.510742,0.255005,-0.809692,-0.13623
EUL,-0.666297,-1.11196,-3.05147
ACC,0.892578,-0.271973,0.354004
GYR,1.75,-0.5,0.1875
EMG,-1,-2,2,-4,1,2,-3,0
EMG,0,4,1,2,-4,1,-1,-2
EMG,2,0,-1,-2,1,0,1,1
EMG,-1,0,-1,-2,-1,-1,-3,-1
ORT,-0.510864,0.254761,-0.809753,-0.136169
EUL,-0.665702,-1.11232,-3.0517
ACC,0.889648,-0.260254,0.346191
GYR,1,-0.4375,0.3125
EMG,3,-5,-3,-2,-3,2,1,-3
EMG,-3,2,0,-3,2,-2,1,0
EMG,-2,-5,0,-2,-1,-2,-1,-2
EMG,1,1,-1,-1,-3,-3,3,-1
ORT,-0.510864,0.254761,-0.809692,-0.136169
EUL,-0.665647,-1.11218,-3.05162
ACC,0.897949,-0.268066,0.342285
GYR,-0.6875,-0.3125,0.375
EMG,-1,0,3,2,0,-3,0,1
EMG,0,-1,-2,-2,-1,4,0,-1
EMG,1,1,1,0,3,-1,-5,-3
EMG,1,-5,-2,-3,0,0,2,0
ORT,-0.510864,0.254761,-0.809692,-0.136169
EUL,-0.665647,-1.11218,-3.05162
ACC,0.908691,-0.282227,0.344238
GYR,-0.75,-0.1875,0
EMG,-1,2,0,1,-1,-4,-2,1
EMG,1,-1,0,-1,-1,-3,0,1
EMG,-3,-2,-2,0,-4,0,1,1
EMG,0,1,1,-3,-5,1,-4,1
ORT,-0.510864,0.254761,-0.809692,-0.136169
EUL,-0.665647,-1.11218,-3.05162
ACC,0.90332,-0.273926,0.348633
GYR,0.875,-0.125,-0.125
EMG,-2,3,1,-2,-1,-1,-1,-2
EMG,3,1,-1,2,3,-1,-1,-3
EMG,2,-2,-2,-1,1,0,-1,1
EMG,-2,-1,2,2,1,-2,-1,-2
ORT,-0.510864,0.254761,-0.809692,-0.136169
EUL,-0.665647,-1.11218,-3.05162
ACC,0.899414,-0.265137,0.350098
GYR,0.6875,-0.25,0.125
EMG,-1,0,-2,-1,0,0,0,-4
EMG,-2,-2,-2,3,1,-2,-2,0
EMG,-4,-3,0,-2,0,-2,0,-1
EMG,-1,1,-1,0,-1,0,2,-2
ORT,-0.510864,0.254761,-0.809692,-0.136169
EUL,-0.665647,-1.11218,-3.05162
ACC,0.89209,-0.265137,0.348145
GYR,-0.8125,-0.25,0.1875
EMG,0,1,-3,-4,1,2,-2,2
EMG,1,-6,0,0,1,3,-1,1
EMG,0,-1,0,0,1,0,3,-2
EMG,-2,0,-1,0,-2,-2,-3,-2
ORT,-0.510864,0.254761,-0.809692,-0.136169
EUL,-0.665647,-1.11218,-3.05162
ACC,0.893066,-0.279785,0.352051
GYR,-0.75,-0.125,0.3125
EMG,0,-3,-2,1,-2,0,2,0
EMG,-2,1,-2,-3,-1,-2,0,1
EMG,3,1,-4,1,-3,3,2,-2
EMG,2,-3,-1,1,-2,-5,-1,-1
ORT,-0.510864,0.254761,-0.809692,-0.136169
EUL,-0.665647,-1.11218,-3.05162
ACC,0.888672,-0.27832,0.344238
GYR,0.125,-0.125,0.4375
EMG,-1,-2,2,2,1,-1,-1,2
EMG,1,1,-5,-1,0,-3,-1,-1
EMG,-2,2,-4,-6,-1,-2,-3,-2
EMG,1,-2,-5,-2,-2,2,0,1
ORT,-0.510864,0.254761,-0.809692,-0.136169
EUL,-0.665647,-1.11218,-3.05162
ACC,0.892578,-0.277344,0.350586
GYR,0.1875,-0.125,0.1875
EMG,-4,-1,-3,-3,-1,-2,-2,3
EMG,1,-5,1,0,-2,2,1,-5
EMG,-2,-4,-5,-1,-3,-4,-2,0
EMG,-2,0,-2,-5,1,1,1,2
ORT,-0.510864,0.254761,-0.809753,-0.136169
EUL,-0.665702,-1.11232,-3.0517
ACC,0.88916,-0.279297,0.348633
GYR,-0.375,-0.0625,0
EMG,-1,-4,-2,-5,-4,2,-2,-4
EMG,-3,-2,2,1,4,1,1,-2
EMG,0,3,-1,-2,-3,1,-2,-2
EMG,0,-1,-1,1,-2,0,-1,-1
ORT,-0.510803,0.254822,-0.809753,-0.136108
EUL,-0.665931,-1.11207,-3.05142
ACC,0.890137,-0.276855,0.353027
GYR,-0.375,-0.1875,0.125
EMG,0,-4,-2,4,-1,-2,1,0
EMG,-1,1,0,0,-1,-2,-1,-1
EMG,3,-5,1,0,0,-1,1,0
EMG,1,1,1,1,0,2,-1,0
ORT,-0.510803,0.254822,-0.809753,-0.136108
EUL,-0.665931,-1.11207,-3.05142
ACC,0.889648,-0.278809,0.350098
GYR,-0.375,-0.25,0.1875
EMG,0,2,-2,1,-4,0,3,1
EMG,-1,1,-1,0,-3,-4,-2,0
EMG,-1,-2,-1,3,-2,-1,0,-2
EMG,-1,-1,-1,-1,1,-1,1,-2
ORT,-0.510803,0.254822,-0.809753,-0.136108
EUL,-0.665931,-1.11207,-3.05142
ACC,0.894043,-0.271973,0.350586
GYR,-0.25,-0.125,0.125
EMG,-2,2,1,0,-1,2,-4,-3
EMG,1,3,1,3,1,1,1,-4
EMG,1,1,1,5,-4,2,2,1
EMG,-3,-5,-3,0,2,-3,-3,-1
ORT,-0.510803,0.254822,-0.809753,-0.136108
EUL,-0.665931,-1.11207,-3.05142
ACC,0.901367,-0.276367,0.34668
GYR,0.375,0,0.1875
EMG,1,-3,-2,0,0,-2,0,1
EMG,-1,-5,-5,-1,1,1,0,0
EMG,-1,3,3,0,-1,1,-2,1
EMG,-3,-2,1,-3,0,-3,0,-2
ORT,-0.510803,0.254822,-0.809753,-0.136108
EUL,-0.665931,-1.11207,-3.05142
ACC,0.898438,-0.269531,0.345215
GYR,0,0,0.25
EMG,0,-1,0,-2,0,3,0,1
EMG,1,-4,-4,-1,-1,-1,1,-3
EMG,1,-3,2,0,0,0,-1,0
EMG,1,0,-3,3,-6,0,-1,-1
ORT,-0.510803,0.254822,-0.809753,-0.136108
EUL,-0.665931,-1.11207,-3.05142
ACC,0.897949,-0.275879,0.34375
GYR,-0.4375,0.125,0.25
EMG,1,-4,1,0,0,-2,3,1
EMG,-1,-1,-3,-1,-1,-2,1,3
EMG,-2,-2,-3,3,2,-1,-1,-2
EMG,1,-1,2,-3,-3,0,1,-2
ORT,-0.510803,0.254822,-0.809753,-0.136108
EUL,-0.665931,-1.11207,-3.05142
ACC,0.894531,-0.277832,0.345215
GYR,-0.25,0,0.125
EMG,-3,1,1,-6,0,0,-2,-3
EMG,-1,-1,1,-3,-2,0,-3,1
EMG,-1,4,-1,-8,-2,-3,-3,-1
EMG,1,-2,-1,-3,2,2,2,-1
ORT,-0.510803,0.254822,-0.809753,-0.136108
EUL,-0.665931,-1.11207,-3.05142
ACC,0.896973,-0.272949,0.349609
GYR,-0.0625,0,0.125
EMG,-2,-1,-3,2,-1,-2,1,1
EMG,1,-2,1,0,1,3,-2,-1
EMG,2,1,-2,-3,2,-2,-2,-3
EMG,-4,2,1,-1,-1,2,1,0
ORT,-0.510803,0.254822,-0.809753,-0.136108
EUL,-0.665931,-1.11207,-3.05142
ACC,0.890625,-0.273438,0.344238
GYR,-0.4375,0,0.0625
EMG,0,3,1,-2,2,-4,-3,-3
EMG,1,2,-3,-3,-4,1,-1,0
EMG,2,-4,3,2,-3,2,1,0
EMG,2,0,-2,0,1,-3,2,1
ORT,-0.510803,0.254822,-0.809753,-0.136108
EUL,-0.665931,-1.11207,-3.05142
ACC,0.893555,-0.275879,0.34668
GYR,-0.5,-0.0625,0.0625
EMG,0,-3,0,0,0,1,-1,-3
EMG,0,1,-3,-1,0,-4,1,-1
EMG,0,-2,-4,2,2,1,-1,3
EMG,1,2,-3,-1,1,1,-2,1
ORT,-0.510803,0.254822,-0.809753,-0.136108
EUL,-0.665931,-1.11207,-3.05142
ACC,0.888184,-0.275391,0.349609
GYR,-0.1875,0.0625,0.125
EMG,1,-1,0,1,-6,-4,1,-1
EMG,-4,-1,-1,-3,-2,-2,-2,2
EMG,-4,-1,0,-1,-1,0,1,-2
EMG,-3,-1,1,-1,-4,-2,1,-1
ORT,-0.510803,0.254822,-0.809753,-0.136108
EUL,-0.665931,-1.11207,-3.05142
ACC,0.891113,-0.277344,0.349609
GYR,0.1875,0.0625,0.0625
EMG,-1,4,1,-1,0,-2,-1,-1
EMG,-3,-1,3,-1,-2,1,1,-1
ORT,-0.510803,0.254883,-0.809753,-0.136108
EUL,-0.666193,-1.1121,-3.05129
ACC,0.892578,-0.28125,0.348145
GYR,-0.1875,-0.125,0
EMG,3,-2,-1,-1,1,-1,1,-4
EMG,-2,1,1,1,0,3,-4,-2
EMG,0,-2,-6,0,1,-2,1,-2
EMG,1,-4,-2,0,-1,0,-3,2
ORT,-0.510803,0.254883,-0.809753,-0.136047
EUL,-0.666304,-1.11203,-3.05107
ACC,0.894531,-0.280273,0.353516
GYR,-0.0625,-0.125,-0.125
EMG,-3,2,0,-1,-2,-1,-4,-1
EMG,1,-2,0,-2,2,-2,0,-3
EMG,2,-6,-5,-2,1,-1,1,0
EMG,1,4,-2,1,1,0,1,2
ORT,-0.510803,0.254883,-0.809753,-0.136047
EUL,-0.666304,-1.11203,-3.05107
ACC,0.900879,-0.276855,0.347168
GYR,-0.125,-0.125,-0.125
EMG,0,-2,1,-1,-1,-1,1,2
EMG,-1,-1,0,-1,-3,-1,-1,2
EMG,-5,1,-3,0,1,0,0,-2
EMG,-1,-2,-2,-2,0,0,5,-1
ORT,-0.510803,0.254883,-0.809753,-0.136047
EUL,-0.666304,-1.11203,-3.05107
ACC,0.895508,-0.275391,0.347656
GYR,-0.0625,0.0625,-0.0625
EMG,-2,-3,0,-2,0,-1,2,-1
EMG,-2,-2,0,3,-3,-4,1,0
EMG,3,-1,0,2,2,1,-5,-2
EMG,2,0,-1,-5,-1,0,-2,-1
ORT,-0.510803,0.254883,-0.809753,-0.136047
EUL,-0.666304,-1.11203,-3.05107
ACC,0.902344,-0.27832,0.352051
GYR,-0.0625,0,0.0625
EMG,-1,-2,-2,-1,2,-1,-1,-1
EMG,-1,-4,-2,1,1,-2,-2,-1
EMG,-3,2,-2,0,-3,1,0,2
EMG,0,-2,0,-2,0,0,-3,-2
ORT,-0.510803,0.254883,-0.809753,-0.136047
EUL,-0.666304,-1.11203,-3.05107
ACC,0.898926,-0.270996,0.351562
GYR,0.375,0,0.0625
EMG,0,0,-1,2,-1,2,0,-3
EMG,-1,1,-1,-1,0,1,-3,1
EMG,-1,-3,0,-1,2,-2,2,2
EMG,-2,-3,2,1,-3,-1,0,-2
ORT,-0.510742,0.254883,-0.809753,-0.136047
EUL,-0.66616,-1.11181,-3.05114
ACC,0.891113,-0.274902,0.349609
GYR,0.875,-0.1875,0
EMG,1,2,-2,-5,-1,1,-1,-3
EMG,3,1,-2,-1,0,-2,-3,0
EMG,0,-3,-1,2,-4,4,-1,-3
EMG,-5,2,-1,-5,-2,-4,-1,-3
ORT,-0.510742,0.254883,-0.809753,-0.136047
EUL,-0.66616,-1.11181,-3.05114
ACC,0.893555,-0.274902,0.351074
GYR,0.25,-0.1875,-0.1875
EMG,-2,-1,1,-2,-2,1,-1,2
EMG,-2,-2,0,-2,2,0,1,-3
EMG,1,-2,-1,-1,2,-3,0,0
EMG,-2,-2,0,0,-1,1,-1,0
ORT,-0.510742,0.254883,-0.809753,-0.136047
EUL,-0.66616,-1.11181,-3.05114
ACC,0.897461,-0.274902,0.344727
GYR,-0.3125,-0.1875,-0.1875
EMG,-2,1,-4,0,-4,-1,0,1
EMG,2,2,-2,-5,-2,-3,-2,-5
EMG,-2,-7,4,-1,-5,2,-3,0
EMG,2,-2,-2,0,-1,1,0,2
ORT,-0.510742,0.254883,-0.809753,-0.136047
EUL,-0.66616,-1.11181,-3.05114
ACC,0.893066,-0.279785,0.350098
GYR,-0.125,-0.1875,-0.125
EMG,1,-3,-1,1,3,-2,0,-2
EMG,0,-4,-1,1,1,2,-1,-1
EMG,-3,2,-3,-7,-5,2,-1,0
EMG,-1,0,-1,0,2,-2,0,-1
ORT,-0.510742,0.254883,-0.809753,-0.136047
EUL,-0.66616,-1.11181,-3.05114
ACC,0.887207,-0.277344,0.353027
GYR,0.5,-0.125,-0.0625
EMG,-2,1,0,-3,-4,-1,-4,1
EMG,-3,0,-2,3,-1,-1,0,1
EMG,3,-2,-2,0,1,-3,3,0
EMG,1,-4,0,-2,3,0,0,0
ORT,-0.510742,0.254883,-0.809753,-0.136047
EUL,-0.66616,-1.11181,-3.05114
ACC,0.89209,-0.275879,0.34668
GYR,0.375,-0.125,0
EMG,1,-3,0,1,-3,2,2,-1
EMG,-2,-2,-5,0,3,1,1,0
EMG,0,0,-4,1,-1,-3,-3,-2
EMG,-2,-1,1,-4,-1,-2,-4,-1
ORT,-0.510742,0.254883,-0.809814,-0.136047
EUL,-0.666215,-1.11195,-3.05122
ACC,0.891602,-0.274414,0.352539
GYR,0.0625,-0.1875,-0.0625
EMG,0,-1,-2,0,-5,0,1,1
EMG,-2,1,-2,-3,0,-1,-1,0
EMG,3,-4,-2,-2,-1,-2,-2,-1
EMG,2,3,-2,3,-4,-3,-1,-1
ORT,-0.510681,0.254883,-0.809814,-0.136047
EUL,-0.66607,-1.11173,-3.05129
ACC,0.891113,-0.275391,0.353027
GYR,0.3125,-0.125,-0.0625
EMG,-3,-2,0,-3,3,-1,-2,0
EMG,1,-2,1,0,0,-1,-1,0
EMG,-3,5,0,1,0,-3,-1,-2
EMG,-5,1,0,0,2,-1,-3,0
ORT,-0.510681,0.254883,-0.809814,-0.136047
EUL,-0.66607,-1.11173,-3.05129
ACC,0.897949,-0.274414,0.34668
GYR,0.5625,-0.1875,-0.125
EMG,0,-2,-2,0,-2,0,0,0
EMG,-2,0,3,-1,-3,-1,0,-2
EMG,-1,-4,4,-2,2,-2,1,1
EMG,-2,-4,-4,1,-1,0,0,-2
ORT,-0.510681,0.254883,-0.809814,-0.136047
EUL,-0.66607,-1.11173,-3.05129
ACC,0.895996,-0.274414,0.351562
GYR,0.4375,-0.25,0
EMG,-1,0,1,-1,-1,-1,-3,-3
EMG,-3,1,2,-2,-2,-1,0,-1
EMG,0,3,2,-2,-1,-1,2,-2
EMG,2,3,3,-1,2,2,0,0
ORT,-0.510681,0.254883,-0.809814,-0.136047
EUL,-0.66607,-1.11173,-3.05129
ACC,0.895508,-0.271973,0.346191
GYR,0.125,-0.1875,-0.125
EMG,-2,-5,-3,1,1,0,-1,-3
EMG,2,0,-1,1,-3,-3,1,0
EMG,-1,4,0,-2,-1,1,-1,-1
EMG,3,-1,-4,-1,-4,-3,0,-1
ORT,-0.510742,0.254883,-0.809814,-0.136047
EUL,-0.666215,-1.11195,-3.05122
ACC,0.893066,-0.272461,0.34082
GYR,0.8125,-0.25,-0.0625
EMG,-1,2,-1,2,0,-1,0,-1
EMG,2,0,-2,-3,-1,-3,0,-1
EMG,-1,2,1,2,-2,-1,-4,-1
EMG,-2,-1,4,-1,-1,2,2,-1
ORT,-0.510742,0.254883,-0.809814,-0.136047
EUL,-0.666215,-1.11195,-3.05122
ACC,0.88916,-0.266602,0.344727
GYR,0.625,-0.1875,-0.0625
EMG,-1,-1,2,1,-1,-1,0,1
EMG,3,-1,-3,-1,-1,2,-1,0
EMG,0,0,2,0,1,-1,-1,-2
EMG,0,-3,-2,-1,-1,0,0,0
ORT,-0.510742,0.254883,-0.809814,-0.136047
EUL,-0.666215,-1.11195,-3.05122
ACC,0.890137,-0.267578,0.347656
GYR,-0.5,-0.0625,0.125
EMG,0,-4,1,-2,0,-1,-1,-3
EMG,-4,0,0,-2,-1,1,-2,-1
EMG,-4,-6,-4,-2,2,0,2,-3
EMG,-1,-1,-1,2,-2,1,-4,0
ORT,-0.510681,0.254944,-0.809814,-0.136047
EUL,-0.666332,-1.11177,-3.05116
ACC,0.894043,-0.286133,0.349121
GYR,-0.8125,-0.125,-0.125
EMG,1,-3,-1,0,-1,0,-2,-1
EMG,-1,1,0,-3,-1,-4,-2,3
EMG,-2,-5,-4,-2,1,3,-2,-1
EMG,1,-2,0,0,0,-5,0,-1
ORT,-0.510681,0.254944,-0.809814,-0.136047
EUL,-0.666332,-1.11177,-3.05116
ACC,0.898926,-0.282227,0.352051
GYR,0.0625,-0.0625,-0.375
EMG,-4,2,-2,-3,4,-3,-2,2
EMG,-1,-1,-1,-1,-2,-4,2,0
EMG,0,0,-3,0,-2,1,0,-2
EMG,0,-2,-2,-1,-2,-2,1,-1
ORT,-0.510681,0.254944,-0.809814,-0.135986
EUL,-0.666443,-1.1117,-3.05094
ACC,0.895996,-0.276367,0.351074
GYR,0.875,-0.25,-0.25
EMG,0,2,-4,-3,-1,2,0,0
EMG,-1,-2,1,0,0,1,1,-4
EMG,-1,-1,2,-2,1,-4,-1,-1
EMG,-2,-2,1,-1,-1,0,-2,0
ORT,-0.510681,0.254944,-0.809814,-0.136047
EUL,-0.666332,-1.11177,-3.05116
ACC,0.892578,-0.272949,0.359375
GYR,0.0625,-0.5625,0.0625
EMG,2,0,-2,2,-1,-2,-3,0
EMG,-1,1,0,-1,2,1,-1,-3
EMG,0,-1,-1,1,-3,0,3,-1
EMG,1,2,-2,0,-3,-2,1,2
ORT,-0.51062,0.254944,-0.809814,-0.135986
EUL,-0.666299,-1.11147,-3.05101
ACC,0.895508,-0.276855,0.35791
GYR,0,-0.6875,0
EMG,0,-1,2,0,5,1,3,-2
EMG,0,-5,-2,-1,-2,0,-4,-3
EMG,-1,-3,0,-2,1,2,0,3
EMG,-2,-3,-4,4,0,-1,-3,-2
ORT,-0.510681,0.254761,-0.809875,-0.135864
EUL,-0.665933,-1.11158,-3.05095
ACC,0.890625,-0.274414,0.352051
GYR,1.1875,-0.75,0.0625
EMG,0,0,-2,-2,-2,-4,0,-1
EMG,-1,2,1,0,0,-3,-2,1
EMG,3,3,-2,-4,-1,-1,-2,-1
EMG,-2,-4,-1,-4,-1,2,-1,-1
ORT,-0.510742,0.254761,-0.809875,-0.135864
EUL,-0.666077,-1.11181,-3.05088
ACC,0.897461,-0.272949,0.343262
GYR,0.5625,-0.75,0.125
EMG,1,-1,1,2,-2,-1,-3,-2
EMG,-3,-4,1,0,-1,1,-1,-2
EMG,3,-5,0,-1,-1,-3,-4,-2
EMG,2,0,-3,-2,-1,-1,0,-3
ORT,-0.510803,0.254944,-0.809753,-0.135925
EUL,-0.666787,-1.11193,-3.0505
ACC,0.89502,-0.27002,0.344238
GYR,-1.0625,-0.5,0.0625
EMG,1,0,-3,-3,0,-3,1,-1
EMG,2,-1,0,0,3,-1,-4,-2
EMG,-3,-2,-2,4,-3,-2,-1,2
EMG,1,1,-2,-1,2,-3,1,-2
ORT,-0.510803,0.254944,-0.809753,-0.135925
EUL,-0.666787,-1.11193,-3.0505
ACC,0.896484,-0.273926,0.341309
GYR,-0.875,-0.25,0.125
EMG,2,-6,-5,0,2,-2,2,-1
EMG,0,0,-1,-3,1,3,1,1
EMG,-3,1,-1,-4,0,-1,-1,-2
EMG,-1,-1,-2,-4,1,0,1,0
ORT,-0.510803,0.254944,-0.809753,-0.135925
EUL,-0.666787,-1.11193,-3.0505
ACC,0.898926,-0.275391,0.348633
GYR,0.375,0,0.3125
EMG,-2,0,-1,-2,-2,-3,-3,2
EMG,0,2,-1,1,2,2,0,-2
EMG,3,-2,-1,1,1,-2,-3,2
EMG,-1,0,-2,0,-2,-2,-1,-4
ORT,-0.510803,0.254761,-0.809814,-0.135864
EUL,-0.666167,-1.11189,-3.05074
ACC,0.898926,-0.271973,0.350586
GYR,1,0,0.125
EMG,4,3,-3,-3,0,1,-1,-3
EMG,-2,-5,-2,-1,-5,-3,-4,2
EMG,1,5,-2,1,0,-1,1,0
EMG,-1,4,2,-1,3,-5,0,-2
ORT,-0.510803,0.254761,-0.809814,-0.135864
EUL,-0.666167,-1.11189,-3.05074
ACC,0.898926,-0.265625,0.352539
GYR,0.0625,0.125,-0.0625
EMG,-2,-3,2,0,-1,-1,0,-1
EMG,-1,1,2,0,0,-3,0,-3
EMG,-4,-5,1,-2,-3,-1,0,-1
EMG,-3,1,0,3,-3,-1,-3,1
ORT,-0.510864,0.254761,-0.809814,-0.135864
EUL,-0.666311,-1.11211,-3.05067
ACC,0.896973,-0.27002,0.343262
GYR,-0.9375,0.125,0.25
EMG,-3,-1,0,-2,-2,-2,-1,1
EMG,0,1,1,-4,0,0,0,-2
EMG,0,1,-3,-1,-3,-2,3,-2
EMG,-3,0,0,-3,0,0,-1,2
ORT,-0.510803,0.255066,-0.809692,-0.135925
EUL,-0.667257,-1.11187,-3.05017
ACC,0.896484,-0.278809,0.337891
GYR,-1.75,0.25,0.3125
EMG,2,0,1,-2,-3,1,-1,-1
EMG,-3,1,0,4,-1,-1,0,-1
EMG,0,3,-1,-1,0,-1,0,-2
EMG,-2,-3,3,-1,-1,1,-1,2
ORT,-0.510803,0.255127,-0.809692,-0.135925
EUL,-0.667519,-1.1119,-3.05004
ACC,0.893555,-0.286133,0.347656
GYR,-0.8125,0.1875,0.125
EMG,-2,3,-1,0,-3,-4,-3,-3
EMG,-2,0,0,-1,1,-2,2,0
EMG,-2,4,2,-2,0,-3,-3,4
EMG,-1,-1,-1,0,-2,4,-2,-3
ORT,-0.510803,0.255127,-0.809692,-0.135925
EUL,-0.667519,-1.1119,-3.05004
ACC,0.89209,-0.280762,0.348145
GYR,0.4375,0.25,0.0625
EMG,0,1,3,0,-1,0,1,-4
EMG,-1,-2,-3,2,-2,-4,1,1
EMG,-5,1,1,0,-1,0,2,0
EMG,-2,2,-3,1,-4,4,-2,-3
ORT,-0.510803,0.255127,-0.809692,-0.135925
EUL,-0.667519,-1.1119,-3.05004
ACC,0.894531,-0.270996,0.349609
GYR,-0.0625,0.125,-0.0625
EMG,-1,0,2,2,-1,0,1,-2
EMG,2,-1,-2,-1,-2,-3,-4,2
EMG,1,2,0,-1,-1,-1,-1,-1
EMG,0,-2,2,-1,1,0,-1,0
ORT,-0.510681,0.255249,-0.809692,-0.135986
EUL,-0.667643,-1.1116,-3.05015
ACC,0.891113,-0.273438,0.351074
GYR,-1.0625,0.125,0.125
EMG,-4,0,1,-2,0,0,-3,1
EMG,1,-4,-3,1,-3,-1,3,0
EMG,-1,-2,0,0,1,-3,-2,-2
EMG,0,1,-2,-1,-2,-3,1,0
ORT,-0.510559,0.255554,-0.809692,-0.135986
EUL,-0.668664,-1.11134,-3.04965
ACC,0.888184,-0.282227,0.348145
GYR,-1.375,0.0625,0.1875
EMG,-2,-3,3,-2,3,1,-1,-2
EMG,-5,-2,-1,-3,0,0,-1,-2
EMG,0,0,-4,-3,-2,-1,-3,-2
EMG,-1,0,-1,-2,2,0,-2,2
ORT,-0.510559,0.255554,-0.809692,-0.135986
EUL,-0.668664,-1.11134,-3.04965
ACC,0.889648,-0.283203,0.352051
GYR,-0.375,-0.0625,0.1875
EMG,5,0,-3,-1,-3,-1,1,3
EMG,-2,1,-2,-6,1,0,2,-2
EMG,-1,-3,-2,0,1,2,1,-2
EMG,0,0,-4,0,0,-3,1,-2
ORT,-0.510559,0.255554,-0.809692,-0.135986
EUL,-0.668664,-1.11134,-3.04965
ACC,0.88916,-0.283203,0.352051
GYR,0.3125,-0.1875,0.0625
EMG,-2,5,2,1,-3,-3,-4,0
EMG,-1,0,2,-3,-2,1,-2,-2
EMG,-1,0,-1,1,-2,0,0,-2
EMG,2,0,3,2,-2,-4,1,-3
ORT,-0.510498,0.255615,-0.809692,-0.135986
EUL,-0.668781,-1.11116,-3.04959
ACC,0.891113,-0.280762,0.354492
GYR,0.1875,-0.3125,-0.125
EMG,-1,-1,-2,-4,-1,1,2,-1
EMG,1,1,2,-2,0,-3,0,-1
EMG,-4,-2,-2,1,-1,0,-2,-2
EMG,1,-1,-2,-3,1,0,0,-1
ORT,-0.510498,0.255615,-0.809692,-0.135986
EUL,-0.668781,-1.11116,-3.04959
ACC,0.894043,-0.27832,0.348145
GYR,-0.125,-0.375,-0.0625
EMG,-5,0,3,1,0,0,-1,0
EMG,0,0,-5,1,-2,3,-3,-1
EMG,1,-2,-4,-5,1,1,2,0
EMG,-1,-1,-4,-4,0,2,-1,-1
ORT,-0.510498,0.255615,-0.809692,-0.135986
EUL,-0.668781,-1.11116,-3.04959
ACC,0.897461,-0.276367,0.347656
GYR,-0.0625,-0.375,0.0625
EMG,-2,-4,0,1,-2,-2,-1,-1
EMG,1,1,0,1,0,-1,-1,-1
EMG,3,0,3,3,1,0,-2,0
EMG,-3,-2,2,-2,-5,1,-2,1
ORT,-0.510498,0.255615,-0.809692,-0.135986
EUL,-0.668781,-1.11116,-3.04959
ACC,0.898438,-0.274902,0.347168
GYR,0,-0.25,0.125
EMG,1,-2,-1,3,0,-2,4,-3
EMG,0,-1,-3,2,-1,-1,-1,-1
EMG,-1,-4,-4,1,0,1,-1,-1
EMG,2,-3,1,0,0,-1,-2,-4
ORT,-0.510498,0.255615,-0.809692,-0.135986
EUL,-0.668781,-1.11116,-3.04959
ACC,0.894531,-0.275391,0.347168
GYR,0.25,-0.3125,0.25
EMG,0,1,-1,-2,0,0,0,-1
EMG,-3,0,-1,1,-2,0,1,1
EMG,1,-3,-2,-2,-1,-4,-1,-2
EMG,2,0,-3,-1,-1,-4,3,2
ORT,-0.510498,0.255615,-0.809692,-0.135986
EUL,-0.668781,-1.11116,-3.04959
ACC,0.894531,-0.278809,0.353027
GYR,0.3125,-0.3125,0.0625
EMG,1,2,-1,-1,0,0,-4,-1
EMG,0,-2,0,1,2,0,-1,-1
EMG,1,-2,-1,-4,-1,0,-4,-2
EMG,1,-3,-2,3,-1,-1,-2,-1
ORT,-0.510498,0.255615,-0.809753,-0.135986
EUL,-0.668836,-1.1113,-3.04967
ACC,0.894531,-0.270996,0.351074
GYR,0.5625,-0.375,-0.0625
EMG,0,-2,-5,-1,1,-3,0,4
EMG,0,-4,1,-3,-1,-4,0,-2
EMG,-1,-2,-4,-2,0,1,1,0
EMG,0,-1,-2,0,0,-4,1,-1
ORT,-0.510498,0.255615,-0.809692,-0.135986
EUL,-0.668781,-1.11116,-3.04959
ACC,0.897461,-0.273438,0.34668
GYR,0.1875,-0.5625,-0.0625
EMG,0,-2,0,2,-1,2,0,-3
EMG,0,-7,0,-3,1,-1,-1,-3
EMG,-4,3,2,-2,2,-1,0,-2
EMG,-2,1,1,-1,-5,-1,-3,1
ORT,-0.510498,0.255615,-0.809692,-0.135986
EUL,-0.668781,-1.11116,-3.04959
ACC,0.894531,-0.276367,0.347168
GYR,-0.0625,-0.4375,-0.125
EMG,0,2,0,-1,1,3,2,-1
EMG,-2,0,-6,-1,0,-1,-1,0
EMG,-4,1,2,1,-1,0,-1,2
EMG,-1,0,-2,-3,2,-2,-2,-4
ORT,-0.510498,0.255615,-0.809753,-0.135986
EUL,-0.668836,-1.1113,-3.04967
ACC,0.893066,-0.278809,0.352051
GYR,0.0625,-0.4375,0
EMG,0,-2,6,1,-5,-2,-3,-4
EMG,2,1,0,-5,-3,-2,-1,0
EMG,-3,-1,0,0,-2,2,-2,0
EMG,2,-1,-2,-2,-2,-1,0,1
ORT,-0.510498,0.255615,-0.809753,-0.135925
EUL,-0.668947,-1.11123,-3.04945
ACC,0.893555,-0.27832,0.351562
GYR,0.3125,-0.4375,0.125
EMG,-2,0,0,-5,0,-2,0,2
EMG,0,1,0,4,3,0,2,-1
EMG,-3,2,0,-4,1,-4,-1,1
EMG,-2,1,2,-2,1,0,-1,-4
ORT,-0.510498,0.255615,-0.809753,-0.135925
EUL,-0.668947,-1.11123,-3.04945
ACC,0.892578,-0.282715,0.344727
GYR,0.375,-0.375,0.0625
EMG,-2,3,-2,-2,-2,2,0,2
EMG,-3,-2,1,0,-3,-4,-3,-2
EMG,0,-3,-4,-2,0,0,0,-1
EMG,0,-2,2,-2,1,0,2,0
ORT,-0.510498,0.255615,-0.809753,-0.135925
EUL,-0.668947,-1.11123,-3.04945
ACC,0.892578,-0.276367,0.345703
GYR,0.6875,-0.4375,0.0625
EMG,-1,-4,-1,-3,-1,-1,-1,-1
EMG,0,7,3,-2,-2,0,-2,-1
EMG,-2,3,1,0,-5,1,1,1
EMG,1,-4,-6,0,-2,-3,-1,2
ORT,-0.510437,0.255615,-0.809753,-0.135925
EUL,-0.668802,-1.11101,-3.04952
ACC,0.895996,-0.278809,0.351562
GYR,0.5,-0.5,-0.125
EMG,-1,4,-2,-3,2,-1,-3,-2
EMG,-7,-2,1,-1,-2,1,-1,1
EMG,-1,5,2,-3,-1,-5,-1,2
EMG,-2,2,2,-1,-1,1,0,-2
ORT,-0.510498,0.255615,-0.809753,-0.135925
EUL,-0.668947,-1.11123,-3.04945
ACC,0.894531,-0.276367,0.34375
GYR,0.3125,-0.4375,-0.0625
EMG,-1,1,2,3,-1,-6,2,-2
EMG,-1,-1,3,-2,-2,2,1,3
EMG,1,1,-1,1,1,-2,2,1
EMG,-4,0,2,-3,1,-2,0,-1
ORT,-0.510498,0.255676,-0.809753,-0.135925
EUL,-0.669209,-1.11127,-3.04932
ACC,0.89502,-0.276367,0.341797
GYR,0.1875,-0.375,-0.0625
EMG,-2,1,0,-1,-1,0,-2,0
EMG,0,0,-3,-1,-3,-3,0,0
EMG,-2,0,-1,-3,-1,2,-2,-1
EMG,2,2,0,-3,3,-2,-2,-1
ORT,-0.510498,0.255676,-0.809692,-0.135925
EUL,-0.669153,-1.11113,-3.04924
ACC,0.897461,-0.282715,0.34668
GYR,0.8125,-0.4375,-0.0625
EMG,-4,0,0,0,-6,-2,0,2
EMG,-1,1,-3,2,-2,1,-3,-2
EMG,3,-5,-4,0,0,-2,0,-1
EMG,-2,-1,-3,-1,-3,1,0,1
ORT,-0.510498,0.255371,-0.809814,-0.135803
EUL,-0.668174,-1.11108,-3.04959
ACC,0.893555,-0.267578,0.352051
GYR,1.375,-0.1875,0
EMG,0,-4,-4,0,-1,0,-1,0
EMG,-2,2,-2,1,1,0,0,-3
EMG,0,2,1,1,-2,-1,-2,1
EMG,1,-2,1,3,-3,3,-2,4
ORT,-0.510498,0.255371,-0.809814,-0.135864
EUL,-0.668064,-1.11115,-3.04981
ACC,0.891113,-0.26416,0.348145
GYR,0.5,-0.0625,0.0625
EMG,4,-3,-3,-4,-1,0,-1,-2
EMG,-3,2,1,-2,-3,1,-1,2
EMG,2,-1,0,1,2,-1,1,-4
EMG,-1,-2,-1,-1,0,-3,0,-1
ORT,-0.510498,0.255371,-0.809814,-0.135803
EUL,-0.668174,-1.11108,-3.04959
ACC,0.897461,-0.277832,0.343262
GYR,-0.875,-0.125,0.125
EMG,-3,1,-1,1,-1,2,-2,0
EMG,1,-2,-1,2,0,2,0,2
EMG,0,-5,1,-2,-3,2,1,-4
EMG,1,0,2,1,0,0,4,-3
ORT,-0.510559,0.255432,-0.809753,-0.135803
EUL,-0.668526,-1.1112,-3.04932
ACC,0.904785,-0.288574,0.345703
GYR,-0.625,-0.1875,-0.3125
EMG,-2,-6,-3,-1,3,-2,1,3
EMG,6,3,2,2,-1,-3,0,-1
EMG,1,0,0,2,-3,-1,1,0
EMG,-3,3,-2,-3,-2,1,-1,-1
ORT,-0.510498,0.255188,-0.809875,-0.135681
EUL,-0.667664,-1.11097,-3.04961
ACC,0.89502,-0.283691,0.358398
GYR,1.375,-0.1875,-0.625
EMG,0,-1,1,2,0,1,-3,0
EMG,-2,1,0,-5,0,-1,2,-3
EMG,3,1,-1,-1,-2,-1,-4,-2
EMG,1,1,1,0,-1,0,-3,1
ORT,-0.510559,0.254944,-0.809937,-0.13562
EUL,-0.666927,-1.11111,-3.0499
ACC,0.896484,-0.269531,0.354492
GYR,1.375,-0.4375,-0.3125
EMG,-2,0,-2,-5,-2,2,-3,-1
EMG,-1,-3,-4,-1,-1,-1,-1,-1
EMG,-3,1,2,-2,-1,-5,1,0
EMG,-3,0,-5,-5,0,-2,1,0
ORT,-0.510559,0.254944,-0.809937,-0.13562
EUL,-0.666927,-1.11111,-3.0499
ACC,0.894043,-0.274414,0.350098
GYR,-0.5,-0.4375,-0.0625
EMG,0,-4,-4,1,1,1,-1,-1
EMG,3,-7,0,-3,-4,1,-2,-3
EMG,2,0,-2,-1,-2,0,-1,2
EMG,-1,1,-4,0,1,0,-1,0
ORT,-0.510559,0.254944,-0.809937,-0.13562
EUL,-0.666927,-1.11111,-3.0499
ACC,0.892578,-0.276367,0.347168
GYR,-0.3125,-0.25,0
EMG,-2,1,0,1,-1,-3,1,-2
EMG,0,-3,-5,-4,0,-1,2,0
EMG,-1,-5,-2,-2,-1,-1,-3,-2
EMG,1,-3,3,1,1,3,0,-3
ORT,-0.51062,0.254883,-0.809937,-0.135498
EUL,-0.66703,-1.11116,-3.04951
ACC,0.892578,-0.277832,0.342285
GYR,1.0625,-0.125,0.125
EMG,4,-1,0,-4,0,-5,1,1
EMG,-1,0,-4,-1,-2,-2,-2,0
EMG,0,-1,-1,-1,1,-2,-1,0
EMG,1,-5,1,0,-1,1,-5,-1
ORT,-0.51062,0.254883,-0.809937,-0.135498
EUL,-0.66703,-1.11116,-3.04951
ACC,0.893555,-0.272461,0.345215
GYR,0.9375,-0.25,0.0625
EMG,0,2,-2,-1,0,0,-3,-3
EMG,2,0,-1,4,0,1,1,-5
EMG,-1,-3,-4,-3,0,-3,-2,-2
EMG,0,-1,-1,-1,-3,-1,-1,0
ORT,-0.51062,0.254883,-0.809937,-0.135498
EUL,-0.66703,-1.11116,-3.04951
ACC,0.89209,-0.275391,0.352051
GYR,0.125,-0.25,-0.125
EMG,0,-1,0,1,-1,-1,-1,1
EMG,-1,1,2,-2,-1,-1,0,1
EMG,-1,1,-2,-1,0,1,-3,2
EMG,0,1,2,1,2,-1,-2,-1
ORT,-0.51062,0.254883,-0.809937,-0.135498
EUL,-0.66703,-1.11116,-3.04951
ACC,0.897461,-0.275879,0.349121
GYR,0.0625,-0.25,-0.0625
EMG,2,-5,0,1,0,-3,4,-2
EMG,-2,2,0,0,0,-5,-3,-1
EMG,-2,0,2,2,1,-1,3,1
EMG,3,1,-1,1,2,-1,-2,0
ORT,-0.51062,0.254883,-0.809937,-0.135498
EUL,-0.66703,-1.11116,-3.04951
ACC,0.900879,-0.273926,0.350098
GYR,0.1875,-0.1875,0.1875
EMG,3,-4,-4,1,2,-1,-1,-1
EMG,-1,-2,1,-3,0,0,0,1
EMG,-1,1,2,-1,-3,-2,-1,-2
EMG,-1,1,-4,-1,1,2,2,-2
ORT,-0.51062,0.254883,-0.809937,-0.135498
EUL,-0.66703,-1.11116,-3.04951
ACC,0.896973,-0.274902,0.350586
GYR,0.3125,-0.125,0.1875
EMG,-3,3,2,-7,-1,1,0,1
EMG,-1,-5,-2,0,1,-1,1,-2
EMG,0,1,-2,-1,0,1,-2,-5
EMG,-3,2,1,-4,-1,-2,-1,-1
ORT,-0.51062,0.254883,-0.809937,-0.135498
EUL,-0.66703,-1.11116,-3.04951
ACC,0.898438,-0.273438,0.343262
GYR,0.6875,0.0625,0.125
EMG,-2,6,2,-2,-2,-4,2,2
EMG,-2,-2,-1,-2,3,-3,-1,0
EMG,-3,-1,-2,2,1,2,1,-2
EMG,-1,3,0,-2,-2,-4,0,-1
ORT,-0.51062,0.254883,-0.809937,-0.135498
EUL,-0.66703,-1.11116,-3.04951
ACC,0.900391,-0.276855,0.34668
GYR,0.1875,0,0.25
EMG,1,-3,-3,2,0,2,0,1
EMG,0,-4,-3,-3,1,0,-3,-1
EMG,-1,0,0,-1,0,0,0,-1
EMG,-3,0,1,1,0,0,-1,-1
ORT,-0.51062,0.254883,-0.809937,-0.135498
EUL,-0.66703,-1.11116,-3.04951
ACC,0.898926,-0.274902,0.34668
GYR,0,0,0
EMG,-1,2,-3,0,-1,1,1,-3
EMG,-1,-2,0,2,-1,2,0,-1
EMG,2,-2,-1,-4,1,0,1,1
EMG,-4,0,1,1,-3,1,0,0
ORT,-0.51062,0.254883,-0.809937,-0.135498
EUL,-0.66703,-1.11116,-3.04951
ACC,0.895508,-0.277344,0.345215
GYR,0.3125,-0.125,-0.125
EMG,-2,0,-4,0,-4,-3,-2,0
EMG,-3,2,0,-1,2,2,1,2
EMG,-3,-7,-3,0,-2,1,1,-2
EMG,0,-1,0,2,-2,-5,-2,0
ORT,-0.51062,0.254883,-0.809937,-0.135498
EUL,-0.66703,-1.11116,-3.04951
ACC,0.891113,-0.274902,0.347656
GYR,0.3125,-0.125,-0.1875
EMG,-3,1,1,-2,2,-2,1,-3
EMG,2,0,4,0,0,-1,-2,0
EMG,0,-1,3,1,-2,-2,0,-3
EMG,3,0,0,-1,0,-2,-1,1
ORT,-0.51062,0.254883,-0.809937,-0.135498
EUL,-0.66703,-1.11116,-3.04951
ACC,0.891602,-0.269043,0.347656
GYR,-0.375,-0.0625,-0.125
EMG,-1,1,-3,-1,-4,1,-2,0
EMG,-3,0,-2,-3,-3,-2,0,0
EMG,1,3,3,-5,-2,-4,4,0
EMG,-1,-1,-2,0,1,3,0,-1
ORT,-0.51062,0.254883,-0.809937,-0.135498
EUL,-0.66703,-1.11116,-3.04951
ACC,0.891113,-0.274414,0.34668
GYR,-0.625,0.0625,0.125
EMG,1,3,2,0,0,3,-3,-2
EMG,1,-5,-3,-2,0,-2,0,0
EMG,-2,1,-1,-1,-2,0,-3,2
EMG,-1,-3,1,-3,-2,-2,3,-2
ORT,-0.51062,0.254883,-0.809937,-0.135498
EUL,-0.66703,-1.11116,-3.04951
ACC,0.889648,-0.277344,0.345215
GYR,-0.375,0.125,0.1875
EMG,0,-1,0,0,2,-1,-1,1
EMG,1,2,2,2,-2,1,-4,0
EMG,-2,-2,-2,1,2,1,-2,2
EMG,2,1,-2,-1,2,-1,0,0
ORT,-0.51062,0.254883,-0.809937,-0.135437
EUL,-0.667141,-1.11109,-3.04929
ACC,0.891602,-0.28125,0.34668
GYR,-0.0625,-0.125,0
EMG,-1,2,0,0,-1,1,-1,-2
EMG,-3,4,5,-2,-1,3,-1,0
EMG,-1,0,-3,0,1,-2,-1,-2
EMG,0,-1,-7,-2,-1,-1,3,-2
ORT,-0.51062,0.254883,-0.809937,-0.135437
EUL,-0.667141,-1.11109,-3.04929
ACC,0.891113,-0.276855,0.347168
GYR,0.3125,-0.25,-0.25
EMG,-1,-2,-2,-2,-3,0,2,0
EMG,4,-2,-1,1,2,-1,-3,-2
EMG,-3,-1,1,2,-2,0,-3,0
EMG,-3,2,1,-1,-3,-1,-2,1
ORT,-0.51062,0.254944,-0.809937,-0.135437
EUL,-0.667403,-1.11112,-3.04917
ACC,0.89502,-0.279785,0.349121
GYR,0.3125,-0.375,-0.3125
EMG,1,-6,-2,-2,3,1,-2,-3
EMG,0,-2,-2,-3,-4,-1,0,-3
EMG,1,-4,0,0,3,2,-1,-2
EMG,-2,-4,0,4,4,1,0,-1
ORT,-0.51062,0.254944,-0.809937,-0.135437
EUL,-0.667403,-1.11112,-3.04917
ACC,0.898438,-0.274902,0.349121
GYR,0,-0.4375,-0.0625
EMG,-3,-4,1,-1,-2,-2,2,-1
EMG,1,2,0,2,-3,-1,0,-1
EMG,0,2,-5,-1,-1,1,1,0
EMG,3,1,2,-4,0,1,-2,-3
ORT,-0.51062,0.254944,-0.809937,-0.135437
EUL,-0.667403,-1.11112,-3.04917
ACC,0.899414,-0.27832,0.344238
GYR,-0.1875,-0.3125,0
EMG,1,-2,-2,-1,0,-2,1,-2
EMG,0,-5,0,1,2,-3,0,0
EMG,-1,2,4,1,-3,-4,-3,0
EMG,1,0,0,1,-1,1,-2,-1
ORT,-0.51062,0.254944,-0.809937,-0.135437
EUL,-0.667403,-1.11112,-3.04917
ACC,0.901367,-0.276855,0.344238
GYR,0.375,-0.1875,0.125
EMG,1,0,1,-1,-2,-5,-1,0
EMG,-2,0,-4,-3,1,0,-3,1
EMG,2,-1,-2,-4,0,-1,-1,-3
EMG,-2,-2,-2,0,-1,-2,-2,-1
ORT,-0.510742,0.254761,-0.809937,-0.135376
EUL,-0.667017,-1.11139,-3.04919
ACC,0.898926,-0.26709,0.346191
GYR,1,-0.125,0.1875
EMG,1,2,0,3,1,2,-2,1
EMG,-2,0,0,0,-1,-3,0,-2
EMG,-4,0,-2,-1,0,-1,0,0
EMG,-5,-4,1,0,-6,-1,2,1
ORT,-0.510742,0.254761,-0.809937,-0.135376
EUL,-0.667017,-1.11139,-3.04919
ACC,0.895996,-0.272461,0.34668
GYR,0.75,-0.3125,0.1875
EMG,1,-4,2,0,2,-2,-1,-1
EMG,-2,-1,0,1,-2,-1,-2,-1
EMG,1,1,3,-1,0,-1,-2,-2
EMG,1,0,-3,-2,1,-3,-1,1
ORT,-0.510742,0.254761,-0.809937,-0.135376
EUL,-0.667017,-1.11139,-3.04919
ACC,0.897461,-0.271973,0.349609
GYR,0.625,-0.25,0
EMG,1,0,-1,-2,0,-1,-4,-2
EMG,-1,0,-1,3,2,0,0,-3
EMG,-4,0,1,-3,-3,0,0,0
EMG,2,2,1,1,0,-2,-1,-3
ORT,-0.510742,0.254761,-0.809937,-0.135376
EUL,-0.667017,-1.11139,-3.04919
ACC,0.892578,-0.275391,0.34668
GYR,0.75,-0.375,-0.125
EMG,-5,3,0,-2,-3,0,3,-1
EMG,-1,0,-1,-3,2,-3,1,1
EMG,1,-3,-3,1,0,-1,-2,3
EMG,0,-2,-1,1,-3,-3,0,-3
ORT,-0.510742,0.254761,-0.809937,-0.135376
EUL,-0.667017,-1.11139,-3.04919
ACC,0.893555,-0.273438,0.352539
GYR,0.875,-0.5,-0.1875
EMG,0,1,0,0,-3,-1,-6,0
EMG,-3,3,0,-6,-2,-2,-1,1
EMG,1,-3,0,3,-3,0,0,-3
EMG,1,1,0,1,1,-1,-2,1
ORT,-0.510742,0.254761,-0.809937,-0.135376
EUL,-0.667017,-1.11139,-3.04919
ACC,0.898926,-0.275391,0.344238
GYR,0.4375,-0.4375,-0.125
EMG,0,-1,1,-1,-1,0,0,0
EMG,2,-3,-4,0,0,-3,-1,-2
EMG,0,-2,-2,-4,-2,-1,-1,-4
EMG,-4,-1,-3,-5,-3,1,-4,0
ORT,-0.510742,0.254761,-0.809937,-0.135376
EUL,-0.667017,-1.11139,-3.04919
ACC,0.894043,-0.277832,0.348633
GYR,0.4375,-0.3125,0.0625
EMG,0,0,-3,0,3,2,1,-1
EMG,-1,4,-1,-1,-1,-4,-2,-2
EMG,-1,4,-2,1,0,4,0,-2
EMG,-3,1,-2,0,-2,0,-2,1
ORT,-0.510742,0.254639,-0.809998,-0.135193
EUL,-0.666879,-1.11124,-3.04885
ACC,0.894043,-0.274414,0.350586
GYR,1.0625,-0.3125,0.125
EMG,2,0,2,-1,-2,-2,0,-2
EMG,4,-3,-2,-1,-1,2,4,2
EMG,1,-3,-3,-2,-1,-3,-2,-1
EMG,0,0,-1,0,0,-2,-1,-1
ORT,-0.510803,0.254395,-0.810059,-0.13501
EUL,-0.666363,-1.11125,-3.0487
ACC,0.89502,-0.273926,0.355469
GYR,1.75,-0.6875,0.125
EMG,-3,1,1,1,0,-3,-1,1
EMG,-1,4,-1,-2,1,-2,0,0
EMG,4,1,-1,-1,-2,0,0,3
EMG,1,2,5,0,2,-1,-3,-1
ORT,-0.510986,0.254089,-0.81012,-0.134827
EUL,-0.665875,-1.11166,-3.04854
ACC,0.89502,-0.273438,0.351562
GYR,1.9375,-0.875,-0.0625
EMG,-3,-5,-1,-4,-4,0,1,-2
EMG,-2,0,-1,-1,-3,-1,-1,-1
EMG,-2,-2,-1,1,-1,-1,-1,-1
EMG,-1,-5,-1,-4,-1,2,-1,-2
